Title = FACETS ASAP SET 7 PERFORMANCE
Facets = 3 ;1=person, 2=rater, 3=item
Positive = 1 
Noncentered= 1
Score = 0,1,2,3
Models=
?,?,#,R
*
Labels=
*
1, student
1-1569
*
2, rater
1-2
1=puanlay覺c覺-1
2=puanlay覺c覺-2
*
3, items
1-4
1=ideas
2=organization
3=style
4=conventions
*
data= 
1	1	1-4a	1	2	2	3
1	2	1-4a	1	2	2	2
2	1	1-4a	1	1	2	2
2	2	1-4a	2	2	2	1
3	1	1-4a	1	2	2	2
3	2	1-4a	2	2	2	2
4	1	1-4a	2	2	2	2
4	2	1-4a	2	2	2	3
5	1	1-4a	1	2	2	2
5	2	1-4a	1	2	1	2
6	1	1-4a	2	3	3	3
6	2	1-4a	3	3	3	3
7	1	1-4a	2	2	2	2
7	2	1-4a	2	2	2	2
8	1	1-4a	2	2	2	3
8	2	1-4a	2	2	2	3
9	1	1-4a	2	2	2	2
9	2	1-4a	1	1	1	1
10	1	1-4a	0	1	1	2
10	2	1-4a	1	1	2	2
11	1	1-4a	2	2	2	2
11	2	1-4a	2	2	2	2
12	1	1-4a	2	2	3	2
12	2	1-4a	2	2	3	3
13	1	1-4a	2	2	2	3
13	2	1-4a	2	2	2	2
14	1	1-4a	1	2	2	1
14	2	1-4a	2	2	2	2
15	1	1-4a	2	1	1	1
15	2	1-4a	2	2	1	2
16	1	1-4a	2	2	2	2
16	2	1-4a	2	2	2	2
17	1	1-4a	2	3	2	2
17	2	1-4a	2	2	2	2
18	1	1-4a	2	2	2	2
18	2	1-4a	2	2	2	2
19	1	1-4a	2	3	2	3
19	2	1-4a	3	3	2	3
20	1	1-4a	1	1	2	2
20	2	1-4a	1	2	2	3
21	1	1-4a	2	2	2	3
21	2	1-4a	2	2	2	3
22	1	1-4a	3	3	3	3
22	2	1-4a	3	3	3	3
23	1	1-4a	2	2	2	3
23	2	1-4a	2	2	2	2
24	1	1-4a	2	2	2	2
24	2	1-4a	2	2	2	2
25	1	1-4a	2	2	2	2
25	2	1-4a	2	2	2	2
26	1	1-4a	1	1	1	2
26	2	1-4a	1	1	1	1
27	1	1-4a	0	1	1	1
27	2	1-4a	0	1	1	1
28	1	1-4a	2	2	1	1
28	2	1-4a	1	1	1	1
29	1	1-4a	2	3	2	2
29	2	1-4a	2	2	2	2
30	1	1-4a	2	2	2	2
30	2	1-4a	2	2	2	2
31	1	1-4a	2	2	2	2
31	2	1-4a	2	1	2	2
32	1	1-4a	1	1	2	2
32	2	1-4a	0	1	2	2
33	1	1-4a	3	3	3	3
33	2	1-4a	1	2	2	2
34	1	1-4a	3	3	3	3
34	2	1-4a	3	3	3	3
35	1	1-4a	2	2	3	3
35	2	1-4a	2	2	2	2
36	1	1-4a	2	2	2	3
36	2	1-4a	1	1	2	3
37	1	1-4a	3	3	2	3
37	2	1-4a	2	2	2	3
38	1	1-4a	2	2	2	1
38	2	1-4a	1	1	1	2
39	1	1-4a	2	2	2	2
39	2	1-4a	3	3	2	3
40	1	1-4a	0	1	1	2
40	2	1-4a	0	2	2	2
41	1	1-4a	1	1	1	1
41	2	1-4a	0	1	1	1
42	1	1-4a	2	2	2	2
42	2	1-4a	2	2	2	2
43	1	1-4a	1	1	2	2
43	2	1-4a	1	1	2	2
44	1	1-4a	1	1	2	2
44	2	1-4a	1	2	1	2
45	1	1-4a	2	2	2	2
45	2	1-4a	3	3	3	3
46	1	1-4a	3	3	3	3
46	2	1-4a	3	3	3	3
47	1	1-4a	1	1	1	1
47	2	1-4a	2	2	1	0
48	1	1-4a	1	1	1	1
48	2	1-4a	1	1	1	2
49	1	1-4a	3	3	2	2
49	2	1-4a	3	3	2	2
50	1	1-4a	2	2	2	2
50	2	1-4a	2	2	2	2
51	1	1-4a	0	1	1	2
51	2	1-4a	0	1	1	2
52	1	1-4a	2	2	1	2
52	2	1-4a	2	2	2	2
53	1	1-4a	3	3	3	3
53	2	1-4a	2	2	2	2
54	1	1-4a	2	3	2	2
54	2	1-4a	2	2	2	2
55	1	1-4a	2	2	2	2
55	2	1-4a	3	3	2	2
56	1	1-4a	2	2	1	2
56	2	1-4a	1	1	2	2
57	1	1-4a	1	1	2	2
57	2	1-4a	1	1	2	2
58	1	1-4a	2	2	3	3
58	2	1-4a	3	2	2	3
59	1	1-4a	2	2	2	2
59	2	1-4a	2	2	2	2
60	1	1-4a	3	3	3	3
60	2	1-4a	3	3	3	3
61	1	1-4a	2	2	2	2
61	2	1-4a	2	2	2	2
62	1	1-4a	2	2	1	1
62	2	1-4a	1	1	1	1
63	1	1-4a	2	2	2	2
63	2	1-4a	2	3	2	2
64	1	1-4a	1	1	1	2
64	2	1-4a	2	1	2	2
65	1	1-4a	2	2	2	2
65	2	1-4a	2	2	2	3
66	1	1-4a	1	1	1	1
66	2	1-4a	1	1	1	1
67	1	1-4a	2	2	3	3
67	2	1-4a	3	3	3	3
68	1	1-4a	3	3	3	3
68	2	1-4a	3	3	3	3
69	1	1-4a	3	3	2	2
69	2	1-4a	3	3	2	3
70	1	1-4a	3	2	2	1
70	2	1-4a	3	3	3	2
71	1	1-4a	2	2	2	2
71	2	1-4a	3	3	2	3
72	1	1-4a	1	1	1	1
72	2	1-4a	2	2	2	2
73	1	1-4a	2	2	2	2
73	2	1-4a	1	2	2	3
74	1	1-4a	0	1	3	2
74	2	1-4a	0	2	2	2
75	1	1-4a	2	2	2	2
75	2	1-4a	2	2	2	1
76	1	1-4a	1	1	1	2
76	2	1-4a	1	1	1	1
77	1	1-4a	1	1	0	1
77	2	1-4a	2	1	1	1
78	1	1-4a	2	2	2	2
78	2	1-4a	2	1	1	2
79	1	1-4a	3	3	3	3
79	2	1-4a	3	3	2	3
80	1	1-4a	1	1	2	2
80	2	1-4a	2	2	2	2
81	1	1-4a	1	1	2	1
81	2	1-4a	1	1	2	1
82	1	1-4a	2	2	2	3
82	2	1-4a	2	2	2	2
83	1	1-4a	3	3	3	3
83	2	1-4a	2	2	2	3
84	1	1-4a	3	3	3	3
84	2	1-4a	3	3	3	3
85	1	1-4a	2	3	2	3
85	2	1-4a	3	3	2	3
86	1	1-4a	1	1	1	0
86	2	1-4a	1	1	1	0
87	1	1-4a	1	1	2	2
87	2	1-4a	1	2	2	1
88	1	1-4a	2	2	2	3
88	2	1-4a	3	3	3	3
89	1	1-4a	3	3	3	3
89	2	1-4a	3	3	3	3
90	1	1-4a	3	3	3	3
90	2	1-4a	3	3	3	3
91	1	1-4a	1	2	2	2
91	2	1-4a	2	2	2	2
92	1	1-4a	2	2	2	2
92	2	1-4a	2	2	1	1
93	1	1-4a	0	1	1	1
93	2	1-4a	1	1	2	2
94	1	1-4a	1	1	1	2
94	2	1-4a	1	1	1	1
95	1	1-4a	0	1	2	2
95	2	1-4a	0	1	1	2
96	1	1-4a	2	2	3	3
96	2	1-4a	3	3	3	3
97	1	1-4a	1	1	1	1
97	2	1-4a	1	1	1	1
98	1	1-4a	2	2	2	1
98	2	1-4a	2	2	2	2
99	1	1-4a	2	2	3	2
99	2	1-4a	2	3	3	3
100	1	1-4a	1	1	1	1
100	2	1-4a	2	2	1	1
101	1	1-4a	2	2	2	2
101	2	1-4a	3	3	2	2
102	1	1-4a	3	3	2	2
102	2	1-4a	0	2	3	3
103	1	1-4a	1	2	1	2
103	2	1-4a	2	2	2	2
104	1	1-4a	3	3	3	3
104	2	1-4a	3	3	2	3
105	1	1-4a	0	1	1	1
105	2	1-4a	0	1	1	1
106	1	1-4a	1	1	2	2
106	2	1-4a	1	1	1	2
107	1	1-4a	1	1	1	2
107	2	1-4a	1	1	1	1
108	1	1-4a	2	3	2	3
108	2	1-4a	2	3	3	3
109	1	1-4a	2	2	2	2
109	2	1-4a	2	2	2	2
110	1	1-4a	2	2	1	2
110	2	1-4a	1	1	1	1
111	1	1-4a	3	3	3	3
111	2	1-4a	1	1	3	3
112	1	1-4a	0	1	1	1
112	2	1-4a	0	1	2	2
113	1	1-4a	0	1	1	2
113	2	1-4a	0	1	1	1
114	1	1-4a	2	2	2	2
114	2	1-4a	2	2	2	3
115	1	1-4a	0	2	2	3
115	2	1-4a	0	2	2	3
116	1	1-4a	3	3	3	2
116	2	1-4a	3	3	3	2
117	1	1-4a	2	2	2	3
117	2	1-4a	3	3	3	3
118	1	1-4a	1	2	1	2
118	2	1-4a	1	1	2	2
119	1	1-4a	2	2	2	2
119	2	1-4a	2	3	2	3
120	1	1-4a	2	2	2	2
120	2	1-4a	1	1	1	1
121	1	1-4a	2	2	3	3
121	2	1-4a	2	2	2	3
122	1	1-4a	2	2	2	2
122	2	1-4a	2	2	2	2
123	1	1-4a	1	2	1	2
123	2	1-4a	0	1	2	2
124	1	1-4a	2	3	2	2
124	2	1-4a	2	2	3	2
125	1	1-4a	2	2	1	2
125	2	1-4a	2	2	2	2
126	1	1-4a	2	2	2	2
126	2	1-4a	2	2	2	3
127	1	1-4a	2	2	2	2
127	2	1-4a	2	2	2	2
128	1	1-4a	0	1	2	2
128	2	1-4a	0	1	1	2
129	1	1-4a	2	2	2	2
129	2	1-4a	2	2	2	2
130	1	1-4a	1	1	1	1
130	2	1-4a	1	1	2	1
131	1	1-4a	2	3	2	3
131	2	1-4a	2	2	2	1
132	1	1-4a	3	3	3	3
132	2	1-4a	3	3	3	3
133	1	1-4a	0	2	2	2
133	2	1-4a	1	1	1	2
134	1	1-4a	1	2	1	1
134	2	1-4a	1	1	1	1
135	1	1-4a	2	2	2	2
135	2	1-4a	3	3	2	2
136	1	1-4a	2	2	2	3
136	2	1-4a	2	2	2	3
137	1	1-4a	1	1	2	1
137	2	1-4a	2	2	2	3
138	1	1-4a	2	2	2	2
138	2	1-4a	2	2	2	3
139	1	1-4a	2	2	3	3
139	2	1-4a	2	2	2	2
140	1	1-4a	2	2	2	2
140	2	1-4a	1	2	2	2
141	1	1-4a	2	1	2	2
141	2	1-4a	2	1	2	1
142	1	1-4a	1	1	1	2
142	2	1-4a	0	1	2	3
143	1	1-4a	3	3	3	3
143	2	1-4a	3	3	3	3
144	1	1-4a	0	1	1	1
144	2	1-4a	0	1	1	2
145	1	1-4a	3	3	2	1
145	2	1-4a	2	2	2	2
146	1	1-4a	2	2	2	1
146	2	1-4a	1	1	1	1
147	1	1-4a	2	2	1	1
147	2	1-4a	2	3	2	3
148	1	1-4a	2	2	2	3
148	2	1-4a	2	2	2	2
149	1	1-4a	2	2	3	3
149	2	1-4a	3	3	3	3
150	1	1-4a	2	2	2	2
150	2	1-4a	1	1	1	1
151	1	1-4a	1	1	2	1
151	2	1-4a	2	2	2	1
152	1	1-4a	2	2	2	2
152	2	1-4a	2	2	2	2
153	1	1-4a	3	3	3	2
153	2	1-4a	2	3	2	2
154	1	1-4a	2	2	2	2
154	2	1-4a	2	2	2	2
155	1	1-4a	2	2	2	2
155	2	1-4a	2	2	1	2
156	1	1-4a	0	1	2	2
156	2	1-4a	0	1	1	1
157	1	1-4a	3	2	2	2
157	2	1-4a	2	1	2	3
158	1	1-4a	2	1	2	1
158	2	1-4a	2	2	1	2
159	1	1-4a	3	3	3	3
159	2	1-4a	2	2	2	2
160	1	1-4a	2	2	2	1
160	2	1-4a	2	2	2	1
161	1	1-4a	3	3	3	3
161	2	1-4a	3	3	3	3
162	1	1-4a	2	2	2	2
162	2	1-4a	2	2	2	3
163	1	1-4a	1	2	1	1
163	2	1-4a	1	2	2	2
164	1	1-4a	3	3	3	3
164	2	1-4a	2	2	2	2
165	1	1-4a	2	2	2	1
165	2	1-4a	2	2	1	1
166	1	1-4a	2	2	2	2
166	2	1-4a	2	2	2	2
167	1	1-4a	2	2	2	2
167	2	1-4a	2	3	2	3
168	1	1-4a	1	1	1	1
168	2	1-4a	2	2	2	2
169	1	1-4a	3	3	3	2
169	2	1-4a	2	2	3	3
170	1	1-4a	2	2	2	2
170	2	1-4a	3	3	2	3
171	1	1-4a	3	3	2	3
171	2	1-4a	3	3	3	3
172	1	1-4a	2	3	2	2
172	2	1-4a	2	2	2	2
173	1	1-4a	3	2	2	3
173	2	1-4a	3	3	2	3
174	1	1-4a	1	1	1	1
174	2	1-4a	0	1	2	2
175	1	1-4a	2	2	2	1
175	2	1-4a	2	2	2	2
176	1	1-4a	1	1	1	2
176	2	1-4a	1	2	2	2
177	1	1-4a	3	3	3	3
177	2	1-4a	3	3	3	3
178	1	1-4a	1	1	2	3
178	2	1-4a	2	3	2	2
179	1	1-4a	1	1	1	1
179	2	1-4a	1	1	1	1
180	1	1-4a	1	2	2	2
180	2	1-4a	2	2	1	1
181	1	1-4a	3	3	3	3
181	2	1-4a	2	3	2	2
182	1	1-4a	2	2	2	2
182	2	1-4a	2	2	2	2
183	1	1-4a	1	1	1	2
183	2	1-4a	1	1	1	1
184	1	1-4a	2	2	2	2
184	2	1-4a	2	2	2	3
185	1	1-4a	2	2	2	2
185	2	1-4a	2	2	2	2
186	1	1-4a	0	1	1	1
186	2	1-4a	1	1	1	1
187	1	1-4a	2	2	2	2
187	2	1-4a	2	2	2	2
188	1	1-4a	3	3	2	3
188	2	1-4a	2	2	2	2
189	1	1-4a	1	1	1	1
189	2	1-4a	1	1	1	1
190	1	1-4a	3	3	3	3
190	2	1-4a	3	3	2	2
191	1	1-4a	2	3	3	3
191	2	1-4a	2	1	2	2
192	1	1-4a	3	3	2	2
192	2	1-4a	2	2	2	2
193	1	1-4a	1	1	1	1
193	2	1-4a	1	1	1	1
194	1	1-4a	2	3	2	3
194	2	1-4a	2	2	2	2
195	1	1-4a	2	2	2	3
195	2	1-4a	2	2	2	2
196	1	1-4a	3	3	3	3
196	2	1-4a	3	3	3	3
197	1	1-4a	2	2	2	2
197	2	1-4a	1	1	1	1
198	1	1-4a	2	2	2	2
198	2	1-4a	2	2	2	2
199	1	1-4a	3	3	3	3
199	2	1-4a	3	2	3	2
200	1	1-4a	2	2	2	2
200	2	1-4a	2	2	1	1
201	1	1-4a	2	2	2	3
201	2	1-4a	2	2	2	3
202	1	1-4a	1	1	1	1
202	2	1-4a	1	1	1	1
203	1	1-4a	2	2	2	2
203	2	1-4a	2	2	2	1
204	1	1-4a	2	2	2	3
204	2	1-4a	2	2	2	2
205	1	1-4a	2	3	2	2
205	2	1-4a	2	2	2	2
206	1	1-4a	2	2	2	2
206	2	1-4a	2	2	1	1
207	1	1-4a	3	3	2	3
207	2	1-4a	3	3	3	3
208	1	1-4a	2	3	2	3
208	2	1-4a	1	2	2	2
209	1	1-4a	3	3	3	3
209	2	1-4a	3	3	3	3
210	1	1-4a	2	1	3	3
210	2	1-4a	2	3	3	3
211	1	1-4a	2	2	2	2
211	2	1-4a	2	2	2	2
212	1	1-4a	1	2	2	2
212	2	1-4a	2	2	2	2
213	1	1-4a	2	3	2	3
213	2	1-4a	2	2	2	2
214	1	1-4a	2	2	2	1
214	2	1-4a	2	3	3	2
215	1	1-4a	2	2	2	2
215	2	1-4a	2	2	2	2
216	1	1-4a	2	2	1	1
216	2	1-4a	2	2	2	1
217	1	1-4a	1	3	3	3
217	2	1-4a	2	2	2	2
218	1	1-4a	3	3	2	3
218	2	1-4a	2	2	2	2
219	1	1-4a	3	3	3	3
219	2	1-4a	3	3	2	2
220	1	1-4a	0	1	2	2
220	2	1-4a	0	1	1	1
221	1	1-4a	3	3	3	2
221	2	1-4a	3	3	3	3
222	1	1-4a	2	2	2	1
222	2	1-4a	2	2	2	1
223	1	1-4a	2	2	2	3
223	2	1-4a	1	1	1	2
224	1	1-4a	2	2	1	2
224	2	1-4a	2	2	2	2
225	1	1-4a	2	2	2	2
225	2	1-4a	1	2	2	2
226	1	1-4a	2	2	2	3
226	2	1-4a	2	3	2	3
227	1	1-4a	0	1	1	1
227	2	1-4a	0	1	1	1
228	1	1-4a	3	3	2	3
228	2	1-4a	2	3	2	3
229	1	1-4a	2	3	2	3
229	2	1-4a	2	2	1	1
230	1	1-4a	0	1	1	1
230	2	1-4a	1	1	1	1
231	1	1-4a	2	3	2	2
231	2	1-4a	1	2	2	2
232	1	1-4a	2	2	2	2
232	2	1-4a	2	2	1	1
233	1	1-4a	2	2	2	3
233	2	1-4a	2	2	2	2
234	1	1-4a	0	1	2	3
234	2	1-4a	0	3	3	3
235	1	1-4a	2	2	2	2
235	2	1-4a	2	2	2	2
236	1	1-4a	2	2	2	3
236	2	1-4a	2	2	2	2
237	1	1-4a	2	3	3	3
237	2	1-4a	3	3	3	2
238	1	1-4a	2	2	2	2
238	2	1-4a	2	2	2	3
239	1	1-4a	2	2	2	2
239	2	1-4a	2	3	2	3
240	1	1-4a	1	1	1	2
240	2	1-4a	1	2	2	3
241	1	1-4a	2	1	2	1
241	2	1-4a	1	1	2	1
242	1	1-4a	2	2	2	2
242	2	1-4a	2	3	2	2
243	1	1-4a	2	2	2	2
243	2	1-4a	2	2	2	2
244	1	1-4a	2	2	2	2
244	2	1-4a	0	1	2	2
245	1	1-4a	1	1	2	1
245	2	1-4a	1	2	1	2
246	1	1-4a	1	1	1	1
246	2	1-4a	1	1	1	1
247	1	1-4a	2	2	2	2
247	2	1-4a	3	3	3	3
248	1	1-4a	2	2	2	2
248	2	1-4a	2	2	2	3
249	1	1-4a	3	3	2	2
249	2	1-4a	2	2	2	2
250	1	1-4a	2	2	2	2
250	2	1-4a	2	1	2	2
251	1	1-4a	2	3	2	2
251	2	1-4a	3	3	3	2
252	1	1-4a	2	2	2	2
252	2	1-4a	3	3	2	3
253	1	1-4a	1	1	2	2
253	2	1-4a	1	1	1	1
254	1	1-4a	2	2	2	2
254	2	1-4a	2	2	2	2
255	1	1-4a	3	3	2	2
255	2	1-4a	2	2	2	2
256	1	1-4a	0	1	2	3
256	2	1-4a	2	1	2	3
257	1	1-4a	0	2	2	2
257	2	1-4a	0	2	2	2
258	1	1-4a	2	2	2	2
258	2	1-4a	2	1	2	2
259	1	1-4a	1	1	1	1
259	2	1-4a	1	0	0	1
260	1	1-4a	2	2	2	2
260	2	1-4a	3	3	2	2
261	1	1-4a	2	2	2	2
261	2	1-4a	2	2	2	3
262	1	1-4a	2	2	1	2
262	2	1-4a	2	2	1	1
263	1	1-4a	2	2	2	2
263	2	1-4a	2	3	2	2
264	1	1-4a	1	2	2	2
264	2	1-4a	2	2	2	2
265	1	1-4a	2	2	2	2
265	2	1-4a	2	2	3	3
266	1	1-4a	2	2	2	2
266	2	1-4a	1	1	1	2
267	1	1-4a	1	2	2	2
267	2	1-4a	0	1	2	2
268	1	1-4a	1	1	1	1
268	2	1-4a	2	2	2	2
269	1	1-4a	2	1	2	2
269	2	1-4a	1	2	2	2
270	1	1-4a	2	1	2	2
270	2	1-4a	2	2	2	2
271	1	1-4a	2	2	2	1
271	2	1-4a	1	1	1	2
272	1	1-4a	2	2	2	3
272	2	1-4a	2	2	2	3
273	1	1-4a	2	2	2	1
273	2	1-4a	2	2	2	2
274	1	1-4a	3	2	2	2
274	2	1-4a	3	3	3	3
275	1	1-4a	0	2	2	3
275	2	1-4a	0	2	2	2
276	1	1-4a	2	2	2	2
276	2	1-4a	2	2	2	2
277	1	1-4a	2	2	2	3
277	2	1-4a	3	3	3	3
278	1	1-4a	2	2	2	2
278	2	1-4a	2	2	2	2
279	1	1-4a	2	2	3	3
279	2	1-4a	2	2	2	2
280	1	1-4a	1	1	1	1
280	2	1-4a	1	2	1	2
281	1	1-4a	2	1	1	2
281	2	1-4a	2	2	2	2
282	1	1-4a	2	1	2	2
282	2	1-4a	2	2	2	3
283	1	1-4a	0	1	1	1
283	2	1-4a	0	1	1	1
284	1	1-4a	3	3	3	3
284	2	1-4a	3	3	3	3
285	1	1-4a	2	2	2	2
285	2	1-4a	1	2	1	1
286	1	1-4a	2	3	2	2
286	2	1-4a	2	2	3	2
287	1	1-4a	2	2	2	3
287	2	1-4a	3	2	2	2
288	1	1-4a	3	3	3	3
288	2	1-4a	3	3	3	2
289	1	1-4a	1	0	0	1
289	2	1-4a	0	0	1	1
290	1	1-4a	2	2	2	2
290	2	1-4a	3	3	2	3
291	1	1-4a	2	2	2	2
291	2	1-4a	2	2	2	2
292	1	1-4a	3	3	2	3
292	2	1-4a	2	2	2	2
293	1	1-4a	2	2	2	2
293	2	1-4a	2	2	3	2
294	1	1-4a	2	2	2	2
294	2	1-4a	2	3	2	2
295	1	1-4a	0	0	1	1
295	2	1-4a	0	1	2	2
296	1	1-4a	2	3	1	2
296	2	1-4a	2	2	2	3
297	1	1-4a	2	2	2	2
297	2	1-4a	1	2	1	1
298	1	1-4a	2	1	1	2
298	2	1-4a	2	2	2	2
299	1	1-4a	2	2	2	2
299	2	1-4a	2	2	2	3
300	1	1-4a	3	3	2	3
300	2	1-4a	3	3	3	3
301	1	1-4a	1	2	1	2
301	2	1-4a	2	2	2	2
302	1	1-4a	3	3	3	3
302	2	1-4a	3	3	3	2
303	1	1-4a	3	3	2	2
303	2	1-4a	3	3	3	3
304	1	1-4a	1	1	1	2
304	2	1-4a	2	2	2	2
305	1	1-4a	3	3	2	3
305	2	1-4a	3	3	2	3
306	1	1-4a	0	1	1	1
306	2	1-4a	0	1	1	0
307	1	1-4a	2	2	2	3
307	2	1-4a	2	2	2	2
308	1	1-4a	3	2	2	2
308	2	1-4a	2	2	2	2
309	1	1-4a	2	2	2	2
309	2	1-4a	2	2	3	2
310	1	1-4a	2	2	2	2
310	2	1-4a	2	2	2	2
311	1	1-4a	0	1	1	1
311	2	1-4a	0	1	1	1
312	1	1-4a	2	2	2	1
312	2	1-4a	2	1	2	1
313	1	1-4a	1	1	2	2
313	2	1-4a	2	2	2	2
314	1	1-4a	3	3	3	3
314	2	1-4a	2	2	2	3
315	1	1-4a	2	3	3	3
315	2	1-4a	3	3	2	3
316	1	1-4a	2	1	2	1
316	2	1-4a	2	2	2	2
317	1	1-4a	2	2	2	2
317	2	1-4a	2	2	2	2
318	1	1-4a	2	2	2	2
318	2	1-4a	3	3	3	3
319	1	1-4a	1	1	2	2
319	2	1-4a	2	3	2	2
320	1	1-4a	0	2	2	3
320	2	1-4a	1	1	2	2
321	1	1-4a	2	1	1	1
321	2	1-4a	1	1	1	1
322	1	1-4a	1	1	1	0
322	2	1-4a	1	1	2	1
323	1	1-4a	2	2	2	2
323	2	1-4a	2	2	2	2
324	1	1-4a	2	3	2	2
324	2	1-4a	3	3	2	3
325	1	1-4a	3	3	2	3
325	2	1-4a	2	2	2	2
326	1	1-4a	2	2	2	3
326	2	1-4a	3	3	3	3
327	1	1-4a	2	2	2	3
327	2	1-4a	3	3	3	3
328	1	1-4a	1	1	0	1
328	2	1-4a	1	1	1	1
329	1	1-4a	3	3	3	3
329	2	1-4a	2	2	2	2
330	1	1-4a	2	2	2	2
330	2	1-4a	2	2	2	2
331	1	1-4a	2	2	1	1
331	2	1-4a	2	1	2	1
332	1	1-4a	2	2	2	2
332	2	1-4a	2	2	2	3
333	1	1-4a	2	2	2	2
333	2	1-4a	2	2	2	2
334	1	1-4a	3	2	2	3
334	2	1-4a	2	2	2	2
335	1	1-4a	2	2	2	3
335	2	1-4a	2	2	2	2
336	1	1-4a	0	1	2	2
336	2	1-4a	1	2	3	3
337	1	1-4a	3	3	2	3
337	2	1-4a	3	3	2	3
338	1	1-4a	1	1	1	1
338	2	1-4a	0	1	1	2
339	1	1-4a	2	2	2	3
339	2	1-4a	2	2	2	2
340	1	1-4a	2	2	2	2
340	2	1-4a	2	2	2	2
341	1	1-4a	1	1	0	0
341	2	1-4a	1	1	2	1
342	1	1-4a	3	2	2	3
342	2	1-4a	3	3	2	3
343	1	1-4a	1	1	1	1
343	2	1-4a	0	1	1	2
344	1	1-4a	3	3	3	3
344	2	1-4a	3	3	3	3
345	1	1-4a	3	3	3	1
345	2	1-4a	2	2	3	3
346	1	1-4a	3	3	3	3
346	2	1-4a	2	2	2	1
347	1	1-4a	3	3	2	3
347	2	1-4a	2	3	2	3
348	1	1-4a	2	3	2	3
348	2	1-4a	2	2	2	2
349	1	1-4a	0	2	2	3
349	2	1-4a	0	1	1	3
350	1	1-4a	3	3	3	3
350	2	1-4a	3	3	3	3
351	1	1-4a	2	2	2	2
351	2	1-4a	2	3	2	2
352	1	1-4a	3	3	2	3
352	2	1-4a	3	3	3	3
353	1	1-4a	2	2	2	2
353	2	1-4a	3	3	3	3
354	1	1-4a	0	1	2	2
354	2	1-4a	0	1	2	2
355	1	1-4a	2	2	2	3
355	2	1-4a	3	3	3	3
356	1	1-4a	3	3	2	2
356	2	1-4a	2	2	2	2
357	1	1-4a	2	2	2	3
357	2	1-4a	3	3	3	2
358	1	1-4a	3	3	3	2
358	2	1-4a	2	1	2	2
359	1	1-4a	2	2	2	2
359	2	1-4a	2	2	2	2
360	1	1-4a	1	1	1	0
360	2	1-4a	1	1	1	1
361	1	1-4a	2	2	2	2
361	2	1-4a	2	2	2	2
362	1	1-4a	2	2	2	2
362	2	1-4a	3	3	3	3
363	1	1-4a	2	2	2	3
363	2	1-4a	2	2	1	2
364	1	1-4a	3	3	3	3
364	2	1-4a	3	3	3	3
365	1	1-4a	2	2	2	2
365	2	1-4a	2	2	1	1
366	1	1-4a	0	1	1	2
366	2	1-4a	0	1	2	2
367	1	1-4a	2	3	2	2
367	2	1-4a	2	2	2	2
368	1	1-4a	1	1	1	1
368	2	1-4a	2	2	1	1
369	1	1-4a	0	1	2	2
369	2	1-4a	0	1	2	3
370	1	1-4a	1	1	2	2
370	2	1-4a	1	1	2	3
371	1	1-4a	3	3	3	3
371	2	1-4a	3	3	2	3
372	1	1-4a	1	1	1	2
372	2	1-4a	1	1	2	2
373	1	1-4a	2	2	1	1
373	2	1-4a	2	2	2	2
374	1	1-4a	1	3	2	2
374	2	1-4a	0	1	1	2
375	1	1-4a	1	2	2	2
375	2	1-4a	2	3	2	3
376	1	1-4a	2	2	2	3
376	2	1-4a	3	3	2	3
377	1	1-4a	3	3	2	3
377	2	1-4a	3	3	2	3
378	1	1-4a	2	2	2	2
378	2	1-4a	3	3	3	3
379	1	1-4a	1	1	1	1
379	2	1-4a	1	2	1	1
380	1	1-4a	1	1	2	1
380	2	1-4a	1	1	1	1
381	1	1-4a	0	1	2	3
381	2	1-4a	0	2	2	3
382	1	1-4a	2	2	3	3
382	2	1-4a	3	2	3	2
383	1	1-4a	2	2	2	2
383	2	1-4a	2	1	2	1
384	1	1-4a	1	1	2	1
384	2	1-4a	2	2	1	1
385	1	1-4a	2	2	2	2
385	2	1-4a	2	2	2	2
386	1	1-4a	2	2	2	2
386	2	1-4a	2	2	2	1
387	1	1-4a	3	3	3	3
387	2	1-4a	3	2	2	2
388	1	1-4a	0	2	2	2
388	2	1-4a	0	1	2	2
389	1	1-4a	0	1	2	1
389	2	1-4a	0	1	2	1
390	1	1-4a	2	2	2	3
390	2	1-4a	1	2	1	1
391	1	1-4a	2	2	2	2
391	2	1-4a	3	3	3	3
392	1	1-4a	1	1	2	2
392	2	1-4a	1	1	1	2
393	1	1-4a	2	2	2	3
393	2	1-4a	2	2	2	3
394	1	1-4a	3	2	3	3
394	2	1-4a	3	2	2	2
395	1	1-4a	2	2	2	3
395	2	1-4a	2	2	2	3
396	1	1-4a	2	3	2	2
396	2	1-4a	3	1	2	3
397	1	1-4a	1	2	2	2
397	2	1-4a	0	2	2	2
398	1	1-4a	3	3	3	3
398	2	1-4a	3	3	2	3
399	1	1-4a	2	2	2	2
399	2	1-4a	2	2	2	2
400	1	1-4a	3	3	3	3
400	2	1-4a	3	3	3	3
401	1	1-4a	3	3	2	2
401	2	1-4a	2	3	2	3
402	1	1-4a	2	2	2	2
402	2	1-4a	3	3	3	3
403	1	1-4a	0	1	2	2
403	2	1-4a	0	1	2	3
404	1	1-4a	2	2	2	2
404	2	1-4a	2	2	2	2
405	1	1-4a	3	3	3	3
405	2	1-4a	2	2	2	2
406	1	1-4a	2	2	2	3
406	2	1-4a	2	2	3	2
407	1	1-4a	1	1	1	1
407	2	1-4a	2	2	1	1
408	1	1-4a	2	3	2	2
408	2	1-4a	2	2	2	2
409	1	1-4a	1	1	1	1
409	2	1-4a	2	2	1	1
410	1	1-4a	3	3	2	3
410	2	1-4a	3	3	2	3
411	1	1-4a	2	2	2	2
411	2	1-4a	2	2	2	2
412	1	1-4a	1	1	1	2
412	2	1-4a	1	1	2	2
413	1	1-4a	0	3	3	3
413	2	1-4a	0	2	2	3
414	1	1-4a	2	2	2	2
414	2	1-4a	2	2	2	2
415	1	1-4a	1	1	1	1
415	2	1-4a	1	1	1	1
416	1	1-4a	3	3	3	3
416	2	1-4a	2	2	3	2
417	1	1-4a	2	2	2	2
417	2	1-4a	2	2	2	2
418	1	1-4a	0	1	2	3
418	2	1-4a	2	1	2	2
419	1	1-4a	2	2	1	1
419	2	1-4a	2	2	2	2
420	1	1-4a	2	2	2	2
420	2	1-4a	2	2	2	2
421	1	1-4a	2	2	2	2
421	2	1-4a	3	3	2	2
422	1	1-4a	0	2	2	3
422	2	1-4a	0	2	2	2
423	1	1-4a	3	3	2	2
423	2	1-4a	2	2	2	2
424	1	1-4a	0	1	2	2
424	2	1-4a	1	1	1	2
425	1	1-4a	2	3	2	3
425	2	1-4a	2	2	2	3
426	1	1-4a	1	1	1	3
426	2	1-4a	1	1	2	2
427	1	1-4a	2	2	2	3
427	2	1-4a	2	2	2	2
428	1	1-4a	0	1	2	1
428	2	1-4a	0	1	1	1
429	1	1-4a	3	3	3	3
429	2	1-4a	3	3	3	3
430	1	1-4a	2	2	3	2
430	2	1-4a	3	3	3	3
431	1	1-4a	3	3	3	3
431	2	1-4a	3	3	3	3
432	1	1-4a	2	2	2	2
432	2	1-4a	2	2	2	2
433	1	1-4a	0	2	2	2
433	2	1-4a	2	2	2	2
434	1	1-4a	3	3	3	3
434	2	1-4a	3	3	3	3
435	1	1-4a	0	2	2	2
435	2	1-4a	0	2	2	2
436	1	1-4a	1	2	2	3
436	2	1-4a	0	1	2	3
437	1	1-4a	2	2	2	2
437	2	1-4a	2	2	2	3
438	1	1-4a	3	3	3	3
438	2	1-4a	3	3	3	3
439	1	1-4a	2	2	2	2
439	2	1-4a	1	1	1	2
440	1	1-4a	1	1	2	2
440	2	1-4a	0	1	2	2
441	1	1-4a	3	2	2	2
441	2	1-4a	2	2	2	2
442	1	1-4a	0	1	2	2
442	2	1-4a	2	2	2	3
443	1	1-4a	0	1	0	1
443	2	1-4a	1	1	1	1
444	1	1-4a	1	2	1	2
444	2	1-4a	1	1	1	1
445	1	1-4a	3	3	3	3
445	2	1-4a	2	3	2	3
446	1	1-4a	3	3	2	2
446	2	1-4a	2	2	1	1
447	1	1-4a	2	2	2	2
447	2	1-4a	2	2	2	2
448	1	1-4a	2	2	2	2
448	2	1-4a	2	2	2	2
449	1	1-4a	3	3	3	3
449	2	1-4a	2	1	2	2
450	1	1-4a	3	3	3	2
450	2	1-4a	3	3	2	2
451	1	1-4a	2	2	2	3
451	2	1-4a	2	3	3	3
452	1	1-4a	3	3	3	3
452	2	1-4a	3	3	3	3
453	1	1-4a	3	3	2	2
453	2	1-4a	1	1	2	2
454	1	1-4a	2	3	3	3
454	2	1-4a	2	3	3	3
455	1	1-4a	2	2	2	2
455	2	1-4a	2	2	2	2
456	1	1-4a	1	1	2	3
456	2	1-4a	1	1	2	2
457	1	1-4a	2	2	2	2
457	2	1-4a	2	2	2	2
458	1	1-4a	3	2	2	2
458	2	1-4a	3	3	2	2
459	1	1-4a	2	2	2	2
459	2	1-4a	2	2	2	3
460	1	1-4a	2	1	1	2
460	2	1-4a	2	2	2	2
461	1	1-4a	1	1	1	1
461	2	1-4a	0	0	0	1
462	1	1-4a	3	2	2	3
462	2	1-4a	2	3	2	2
463	1	1-4a	1	1	1	1
463	2	1-4a	2	2	2	2
464	1	1-4a	2	1	2	3
464	2	1-4a	2	2	2	3
465	1	1-4a	2	2	1	2
465	2	1-4a	3	3	2	2
466	1	1-4a	1	1	2	1
466	2	1-4a	1	1	2	2
467	1	1-4a	0	1	2	1
467	2	1-4a	0	1	1	1
468	1	1-4a	2	3	2	2
468	2	1-4a	2	2	2	2
469	1	1-4a	2	2	2	2
469	2	1-4a	2	2	2	2
470	1	1-4a	2	2	1	2
470	2	1-4a	2	2	2	2
471	1	1-4a	0	1	1	2
471	2	1-4a	0	1	2	2
472	1	1-4a	3	3	3	3
472	2	1-4a	3	3	3	3
473	1	1-4a	3	3	3	3
473	2	1-4a	3	3	3	3
474	1	1-4a	2	2	2	2
474	2	1-4a	2	2	1	1
475	1	1-4a	2	2	2	2
475	2	1-4a	1	1	1	1
476	1	1-4a	2	2	2	2
476	2	1-4a	2	2	2	2
477	1	1-4a	3	3	2	2
477	2	1-4a	2	2	2	2
478	1	1-4a	2	2	2	1
478	2	1-4a	2	2	2	2
479	1	1-4a	2	2	2	2
479	2	1-4a	3	3	3	3
480	1	1-4a	1	1	1	1
480	2	1-4a	1	1	1	1
481	1	1-4a	3	3	2	2
481	2	1-4a	2	2	2	2
482	1	1-4a	2	2	2	2
482	2	1-4a	1	2	1	2
483	1	1-4a	1	1	1	1
483	2	1-4a	1	1	1	1
484	1	1-4a	1	1	1	1
484	2	1-4a	1	1	1	1
485	1	1-4a	2	2	2	2
485	2	1-4a	1	1	1	2
486	1	1-4a	3	3	3	3
486	2	1-4a	3	3	3	3
487	1	1-4a	2	2	2	2
487	2	1-4a	3	3	2	2
488	1	1-4a	2	2	1	2
488	2	1-4a	0	2	1	1
489	1	1-4a	2	2	2	3
489	2	1-4a	2	2	2	3
490	1	1-4a	3	3	3	3
490	2	1-4a	1	1	3	3
491	1	1-4a	1	2	1	1
491	2	1-4a	1	1	2	2
492	1	1-4a	2	1	1	1
492	2	1-4a	2	2	2	2
493	1	1-4a	3	3	3	3
493	2	1-4a	3	3	2	3
494	1	1-4a	2	2	2	2
494	2	1-4a	3	2	2	2
495	1	1-4a	2	3	2	3
495	2	1-4a	3	3	3	3
496	1	1-4a	2	2	2	2
496	2	1-4a	2	2	2	3
497	1	1-4a	2	2	2	2
497	2	1-4a	2	2	2	2
498	1	1-4a	2	3	2	3
498	2	1-4a	3	2	2	2
499	1	1-4a	2	1	2	2
499	2	1-4a	2	2	2	2
500	1	1-4a	2	3	2	3
500	2	1-4a	2	2	3	3
501	1	1-4a	2	2	2	2
501	2	1-4a	2	2	2	2
502	1	1-4a	3	3	3	3
502	2	1-4a	3	3	3	3
503	1	1-4a	2	2	3	2
503	2	1-4a	2	2	2	2
504	1	1-4a	2	2	3	3
504	2	1-4a	3	2	2	2
505	1	1-4a	3	3	2	2
505	2	1-4a	3	3	3	3
506	1	1-4a	3	3	2	2
506	2	1-4a	2	2	2	2
507	1	1-4a	0	1	1	1
507	2	1-4a	0	1	2	2
508	1	1-4a	1	1	2	2
508	2	1-4a	1	1	2	2
509	1	1-4a	2	2	2	2
509	2	1-4a	2	2	2	2
510	1	1-4a	2	2	2	2
510	2	1-4a	1	1	2	2
511	1	1-4a	3	3	2	2
511	2	1-4a	2	2	2	2
512	1	1-4a	3	3	2	2
512	2	1-4a	3	3	2	3
513	1	1-4a	3	3	3	3
513	2	1-4a	3	3	3	3
514	1	1-4a	2	2	2	2
514	2	1-4a	1	1	2	2
515	1	1-4a	1	1	1	2
515	2	1-4a	1	1	1	2
516	1	1-4a	1	1	2	2
516	2	1-4a	2	2	2	2
517	1	1-4a	3	3	2	1
517	2	1-4a	3	3	2	1
518	1	1-4a	1	1	1	2
518	2	1-4a	0	1	1	1
519	1	1-4a	2	2	2	1
519	2	1-4a	2	2	2	1
520	1	1-4a	3	3	2	3
520	2	1-4a	2	2	2	2
521	1	1-4a	1	1	2	2
521	2	1-4a	1	1	1	1
522	1	1-4a	2	2	2	3
522	2	1-4a	2	2	2	3
523	1	1-4a	3	3	3	3
523	2	1-4a	2	3	3	3
524	1	1-4a	2	2	2	2
524	2	1-4a	1	1	2	2
525	1	1-4a	3	3	2	3
525	2	1-4a	3	3	3	3
526	1	1-4a	2	3	2	3
526	2	1-4a	2	2	2	2
527	1	1-4a	1	1	2	3
527	2	1-4a	2	2	3	3
528	1	1-4a	1	1	1	2
528	2	1-4a	1	1	1	2
529	1	1-4a	2	2	2	2
529	2	1-4a	2	2	2	2
530	1	1-4a	1	1	2	2
530	2	1-4a	2	2	2	2
531	1	1-4a	0	2	2	3
531	2	1-4a	1	1	3	3
532	1	1-4a	3	3	2	2
532	2	1-4a	2	2	2	3
533	1	1-4a	2	2	2	3
533	2	1-4a	2	2	1	1
534	1	1-4a	3	3	2	3
534	2	1-4a	2	2	2	2
535	1	1-4a	2	1	2	2
535	2	1-4a	2	2	3	3
536	1	1-4a	2	2	2	2
536	2	1-4a	2	3	2	3
537	1	1-4a	1	1	1	1
537	2	1-4a	1	1	1	1
538	1	1-4a	2	2	3	3
538	2	1-4a	3	3	3	3
539	1	1-4a	0	1	2	2
539	2	1-4a	0	1	1	1
540	1	1-4a	3	3	3	3
540	2	1-4a	3	3	2	3
541	1	1-4a	2	2	2	2
541	2	1-4a	1	1	1	1
542	1	1-4a	0	1	2	2
542	2	1-4a	0	1	1	2
543	1	1-4a	0	1	1	1
543	2	1-4a	1	1	1	1
544	1	1-4a	2	2	2	3
544	2	1-4a	2	2	3	3
545	1	1-4a	2	2	2	2
545	2	1-4a	2	2	2	2
546	1	1-4a	2	3	2	3
546	2	1-4a	2	3	2	3
547	1	1-4a	3	3	3	3
547	2	1-4a	1	1	2	2
548	1	1-4a	2	2	2	2
548	2	1-4a	2	2	2	2
549	1	1-4a	3	3	3	3
549	2	1-4a	3	3	3	3
550	1	1-4a	1	1	1	1
550	2	1-4a	1	1	0	1
551	1	1-4a	0	2	2	2
551	2	1-4a	0	1	2	2
552	1	1-4a	2	2	2	3
552	2	1-4a	3	3	3	3
553	1	1-4a	3	3	2	2
553	2	1-4a	2	2	2	2
554	1	1-4a	2	2	2	3
554	2	1-4a	2	1	2	1
555	1	1-4a	2	1	1	2
555	2	1-4a	2	1	1	2
556	1	1-4a	1	1	1	0
556	2	1-4a	1	1	1	0
557	1	1-4a	2	2	2	2
557	2	1-4a	2	2	2	2
558	1	1-4a	3	3	2	2
558	2	1-4a	2	2	2	2
559	1	1-4a	1	1	2	1
559	2	1-4a	2	2	1	2
560	1	1-4a	3	2	2	2
560	2	1-4a	3	3	3	3
561	1	1-4a	1	1	1	1
561	2	1-4a	1	1	2	2
562	1	1-4a	2	2	2	3
562	2	1-4a	3	3	2	3
563	1	1-4a	1	1	2	2
563	2	1-4a	2	2	2	2
564	1	1-4a	3	3	3	3
564	2	1-4a	3	3	3	3
565	1	1-4a	3	3	2	2
565	2	1-4a	3	3	3	3
566	1	1-4a	2	2	2	3
566	2	1-4a	2	3	2	2
567	1	1-4a	2	2	2	2
567	2	1-4a	3	3	3	3
568	1	1-4a	3	3	3	2
568	2	1-4a	3	3	2	3
569	1	1-4a	1	1	2	2
569	2	1-4a	2	2	2	2
570	1	1-4a	3	3	3	2
570	2	1-4a	3	3	3	3
571	1	1-4a	2	2	2	2
571	2	1-4a	2	2	2	3
572	1	1-4a	1	1	1	1
572	2	1-4a	1	1	1	2
573	1	1-4a	3	3	3	3
573	2	1-4a	3	3	3	3
574	1	1-4a	1	1	2	2
574	2	1-4a	1	1	2	2
575	1	1-4a	2	3	2	3
575	2	1-4a	1	1	2	2
576	1	1-4a	1	1	2	1
576	2	1-4a	1	1	1	1
577	1	1-4a	3	3	3	3
577	2	1-4a	2	2	3	2
578	1	1-4a	2	2	2	2
578	2	1-4a	1	2	1	2
579	1	1-4a	2	2	2	2
579	2	1-4a	2	2	2	2
580	1	1-4a	2	2	2	2
580	2	1-4a	2	2	2	3
581	1	1-4a	2	3	3	2
581	2	1-4a	2	2	2	2
582	1	1-4a	2	2	2	2
582	2	1-4a	2	2	2	2
583	1	1-4a	0	1	1	1
583	2	1-4a	0	1	1	1
584	1	1-4a	3	3	3	3
584	2	1-4a	2	1	1	2
585	1	1-4a	2	3	2	3
585	2	1-4a	2	2	2	2
586	1	1-4a	3	3	3	3
586	2	1-4a	3	3	3	3
587	1	1-4a	3	3	3	3
587	2	1-4a	2	2	1	3
588	1	1-4a	1	1	1	2
588	2	1-4a	1	1	1	1
589	1	1-4a	2	2	2	2
589	2	1-4a	2	2	2	3
590	1	1-4a	2	2	2	2
590	2	1-4a	2	2	2	2
591	1	1-4a	0	1	1	1
591	2	1-4a	0	0	1	1
592	1	1-4a	1	1	1	2
592	2	1-4a	2	2	2	2
593	1	1-4a	1	1	1	2
593	2	1-4a	2	2	2	1
594	1	1-4a	2	3	2	3
594	2	1-4a	3	3	3	3
595	1	1-4a	2	2	2	3
595	2	1-4a	2	2	2	3
596	1	1-4a	0	1	2	2
596	2	1-4a	0	2	2	2
597	1	1-4a	2	2	2	2
597	2	1-4a	2	2	2	2
598	1	1-4a	1	1	1	1
598	2	1-4a	0	1	1	1
599	1	1-4a	1	1	1	1
599	2	1-4a	2	2	2	2
600	1	1-4a	2	2	2	2
600	2	1-4a	2	3	2	2
601	1	1-4a	1	1	1	2
601	2	1-4a	2	2	2	2
602	1	1-4a	3	3	3	3
602	2	1-4a	3	3	3	3
603	1	1-4a	2	2	1	2
603	2	1-4a	2	2	2	1
604	1	1-4a	2	2	2	2
604	2	1-4a	1	1	2	2
605	1	1-4a	1	1	2	2
605	2	1-4a	1	2	1	2
606	1	1-4a	2	2	2	2
606	2	1-4a	2	2	2	2
607	1	1-4a	2	2	2	3
607	2	1-4a	3	3	2	2
608	1	1-4a	3	3	3	3
608	2	1-4a	2	2	2	2
609	1	1-4a	1	1	1	1
609	2	1-4a	1	1	1	1
610	1	1-4a	2	2	2	3
610	2	1-4a	3	3	3	3
611	1	1-4a	2	2	2	2
611	2	1-4a	2	2	2	2
612	1	1-4a	2	2	3	3
612	2	1-4a	3	3	2	3
613	1	1-4a	2	3	1	2
613	2	1-4a	3	3	1	1
614	1	1-4a	1	2	2	2
614	2	1-4a	2	2	1	2
615	1	1-4a	3	3	3	2
615	2	1-4a	3	3	3	3
616	1	1-4a	0	2	2	2
616	2	1-4a	0	1	1	2
617	1	1-4a	2	2	2	2
617	2	1-4a	2	2	2	2
618	1	1-4a	2	1	1	1
618	2	1-4a	1	1	1	1
619	1	1-4a	1	2	1	1
619	2	1-4a	1	1	1	1
620	1	1-4a	3	3	3	3
620	2	1-4a	2	2	2	2
621	1	1-4a	1	1	2	2
621	2	1-4a	1	1	1	1
622	1	1-4a	3	3	3	3
622	2	1-4a	3	3	3	3
623	1	1-4a	1	2	1	2
623	2	1-4a	1	1	1	1
624	1	1-4a	1	1	2	2
624	2	1-4a	3	3	3	3
625	1	1-4a	1	1	2	1
625	2	1-4a	1	1	1	2
626	1	1-4a	2	2	2	2
626	2	1-4a	2	2	2	2
627	1	1-4a	3	3	3	2
627	2	1-4a	3	3	3	3
628	1	1-4a	3	3	2	3
628	2	1-4a	3	3	3	3
629	1	1-4a	2	2	2	2
629	2	1-4a	2	2	2	2
630	1	1-4a	0	2	2	2
630	2	1-4a	1	1	2	2
631	1	1-4a	2	2	1	2
631	2	1-4a	2	2	2	2
632	1	1-4a	0	1	2	1
632	2	1-4a	0	1	2	2
633	1	1-4a	0	1	1	2
633	2	1-4a	0	2	2	2
634	1	1-4a	2	3	2	3
634	2	1-4a	2	3	2	3
635	1	1-4a	1	2	2	2
635	2	1-4a	1	1	2	2
636	1	1-4a	0	1	1	2
636	2	1-4a	0	1	2	2
637	1	1-4a	1	1	2	2
637	2	1-4a	0	1	2	2
638	1	1-4a	1	1	2	2
638	2	1-4a	1	1	1	2
639	1	1-4a	2	2	2	2
639	2	1-4a	2	2	2	2
640	1	1-4a	2	2	3	3
640	2	1-4a	3	3	2	2
641	1	1-4a	2	2	2	2
641	2	1-4a	2	2	2	3
642	1	1-4a	3	3	3	3
642	2	1-4a	3	3	3	2
643	1	1-4a	2	2	2	3
643	2	1-4a	3	2	2	3
644	1	1-4a	3	3	3	3
644	2	1-4a	3	3	2	3
645	1	1-4a	3	3	3	2
645	2	1-4a	2	2	2	2
646	1	1-4a	2	2	2	2
646	2	1-4a	2	3	3	3
647	1	1-4a	2	2	2	2
647	2	1-4a	2	2	2	2
648	1	1-4a	1	2	2	2
648	2	1-4a	2	2	2	2
649	1	1-4a	0	2	2	3
649	2	1-4a	0	2	2	2
650	1	1-4a	3	3	3	3
650	2	1-4a	3	3	3	3
651	1	1-4a	3	3	3	3
651	2	1-4a	3	3	3	3
652	1	1-4a	2	3	2	3
652	2	1-4a	3	3	3	3
653	1	1-4a	3	3	3	3
653	2	1-4a	3	3	3	3
654	1	1-4a	1	2	2	2
654	2	1-4a	1	1	2	2
655	1	1-4a	2	2	2	2
655	2	1-4a	1	1	1	2
656	1	1-4a	2	3	2	3
656	2	1-4a	3	3	3	3
657	1	1-4a	2	2	1	1
657	2	1-4a	2	2	1	1
658	1	1-4a	1	2	2	2
658	2	1-4a	2	2	2	2
659	1	1-4a	2	2	2	2
659	2	1-4a	2	2	2	2
660	1	1-4a	2	3	3	2
660	2	1-4a	2	2	2	2
661	1	1-4a	1	2	2	3
661	2	1-4a	2	2	2	2
662	1	1-4a	2	2	2	2
662	2	1-4a	3	3	2	2
663	1	1-4a	2	3	2	3
663	2	1-4a	3	3	3	3
664	1	1-4a	2	3	2	2
664	2	1-4a	2	2	3	3
665	1	1-4a	2	2	2	2
665	2	1-4a	2	3	3	3
666	1	1-4a	2	2	2	3
666	2	1-4a	2	2	2	2
667	1	1-4a	2	2	2	3
667	2	1-4a	3	3	3	3
668	1	1-4a	0	1	2	2
668	2	1-4a	0	1	3	2
669	1	1-4a	2	2	2	2
669	2	1-4a	2	2	2	2
670	1	1-4a	2	3	3	3
670	2	1-4a	3	3	3	3
671	1	1-4a	1	1	3	3
671	2	1-4a	1	1	2	3
672	1	1-4a	3	3	3	3
672	2	1-4a	3	3	3	3
673	1	1-4a	1	1	1	1
673	2	1-4a	1	1	1	1
674	1	1-4a	3	3	3	3
674	2	1-4a	3	2	3	2
675	1	1-4a	2	2	2	3
675	2	1-4a	2	2	2	2
676	1	1-4a	1	1	1	2
676	2	1-4a	2	1	1	2
677	1	1-4a	3	3	2	3
677	2	1-4a	3	3	3	3
678	1	1-4a	2	2	2	3
678	2	1-4a	2	2	2	3
679	1	1-4a	2	2	2	2
679	2	1-4a	2	2	2	3
680	1	1-4a	3	2	2	3
680	2	1-4a	2	2	3	3
681	1	1-4a	3	3	3	3
681	2	1-4a	3	3	3	3
682	1	1-4a	2	2	2	2
682	2	1-4a	2	3	2	2
683	1	1-4a	3	2	2	2
683	2	1-4a	2	2	2	2
684	1	1-4a	2	2	2	2
684	2	1-4a	2	2	2	2
685	1	1-4a	2	2	2	3
685	2	1-4a	3	3	3	3
686	1	1-4a	3	2	2	3
686	2	1-4a	3	3	3	3
687	1	1-4a	2	3	2	2
687	2	1-4a	2	2	1	2
688	1	1-4a	2	2	2	2
688	2	1-4a	2	2	2	3
689	1	1-4a	3	3	2	2
689	2	1-4a	2	1	2	1
690	1	1-4a	0	1	2	3
690	2	1-4a	0	1	2	2
691	1	1-4a	2	2	1	1
691	2	1-4a	1	1	1	1
692	1	1-4a	1	2	2	2
692	2	1-4a	1	2	2	2
693	1	1-4a	1	1	1	2
693	2	1-4a	1	2	2	2
694	1	1-4a	2	2	2	2
694	2	1-4a	2	2	2	2
695	1	1-4a	3	3	2	2
695	2	1-4a	2	2	2	2
696	1	1-4a	2	2	2	2
696	2	1-4a	2	2	2	3
697	1	1-4a	3	3	3	3
697	2	1-4a	3	3	3	3
698	1	1-4a	3	3	2	2
698	2	1-4a	3	3	2	3
699	1	1-4a	2	3	2	2
699	2	1-4a	2	2	3	3
700	1	1-4a	2	2	2	2
700	2	1-4a	2	3	2	3
701	1	1-4a	2	1	2	2
701	2	1-4a	2	2	2	2
702	1	1-4a	1	1	2	2
702	2	1-4a	1	1	2	2
703	1	1-4a	1	1	1	1
703	2	1-4a	1	2	2	2
704	1	1-4a	3	2	2	2
704	2	1-4a	2	2	2	2
705	1	1-4a	0	2	2	3
705	2	1-4a	0	2	2	3
706	1	1-4a	2	2	2	3
706	2	1-4a	2	2	2	2
707	1	1-4a	2	2	2	2
707	2	1-4a	3	3	2	3
708	1	1-4a	2	2	2	2
708	2	1-4a	1	2	2	3
709	1	1-4a	2	2	2	2
709	2	1-4a	2	2	2	2
710	1	1-4a	3	3	3	3
710	2	1-4a	3	3	3	3
711	1	1-4a	2	2	2	3
711	2	1-4a	2	2	2	2
712	1	1-4a	1	1	1	2
712	2	1-4a	1	1	2	2
713	1	1-4a	0	1	2	2
713	2	1-4a	1	1	1	1
714	1	1-4a	2	2	1	1
714	2	1-4a	2	2	2	2
715	1	1-4a	3	3	3	3
715	2	1-4a	3	3	3	3
716	1	1-4a	2	3	2	3
716	2	1-4a	3	3	2	3
717	1	1-4a	1	1	1	2
717	2	1-4a	2	2	2	2
718	1	1-4a	1	2	1	2
718	2	1-4a	2	2	2	2
719	1	1-4a	3	3	2	2
719	2	1-4a	2	2	2	2
720	1	1-4a	0	3	2	3
720	2	1-4a	2	2	2	3
721	1	1-4a	2	2	2	2
721	2	1-4a	2	2	2	2
722	1	1-4a	1	2	2	2
722	2	1-4a	2	2	2	2
723	1	1-4a	2	2	2	3
723	2	1-4a	2	2	2	2
724	1	1-4a	0	1	1	2
724	2	1-4a	1	1	1	2
725	1	1-4a	3	3	3	3
725	2	1-4a	2	2	2	2
726	1	1-4a	2	2	3	3
726	2	1-4a	2	2	2	2
727	1	1-4a	3	2	2	3
727	2	1-4a	2	2	2	2
728	1	1-4a	2	2	2	2
728	2	1-4a	2	3	2	3
729	1	1-4a	2	3	2	3
729	2	1-4a	3	3	3	3
730	1	1-4a	3	3	3	3
730	2	1-4a	2	2	2	3
731	1	1-4a	3	3	2	3
731	2	1-4a	3	3	3	3
732	1	1-4a	3	3	3	3
732	2	1-4a	3	3	2	3
733	1	1-4a	2	2	2	2
733	2	1-4a	2	2	2	2
734	1	1-4a	3	3	3	2
734	2	1-4a	3	3	2	2
735	1	1-4a	3	3	3	3
735	2	1-4a	3	3	3	3
736	1	1-4a	3	2	3	3
736	2	1-4a	3	3	3	3
737	1	1-4a	0	1	1	1
737	2	1-4a	1	1	1	1
738	1	1-4a	1	2	2	1
738	2	1-4a	2	2	2	2
739	1	1-4a	2	2	2	2
739	2	1-4a	2	2	2	2
740	1	1-4a	2	2	2	3
740	2	1-4a	2	2	2	2
741	1	1-4a	2	2	2	3
741	2	1-4a	2	2	2	3
742	1	1-4a	2	2	2	2
742	2	1-4a	2	2	2	2
743	1	1-4a	2	3	3	2
743	2	1-4a	2	2	3	2
744	1	1-4a	0	2	2	2
744	2	1-4a	2	2	2	2
745	1	1-4a	1	3	3	3
745	2	1-4a	2	3	3	3
746	1	1-4a	2	2	2	3
746	2	1-4a	3	3	2	3
747	1	1-4a	2	2	2	2
747	2	1-4a	2	2	2	2
748	1	1-4a	0	1	2	2
748	2	1-4a	2	2	2	2
749	1	1-4a	2	2	2	2
749	2	1-4a	3	3	3	3
750	1	1-4a	3	2	2	2
750	2	1-4a	2	2	2	2
751	1	1-4a	2	2	2	3
751	2	1-4a	2	2	2	3
752	1	1-4a	2	2	2	2
752	2	1-4a	2	2	1	1
753	1	1-4a	3	3	3	3
753	2	1-4a	3	3	3	3
754	1	1-4a	2	2	2	2
754	2	1-4a	2	3	2	2
755	1	1-4a	0	1	2	2
755	2	1-4a	1	1	2	2
756	1	1-4a	0	1	1	1
756	2	1-4a	0	1	2	2
757	1	1-4a	3	3	3	2
757	2	1-4a	3	3	3	3
758	1	1-4a	3	3	3	2
758	2	1-4a	3	3	3	2
759	1	1-4a	2	2	2	2
759	2	1-4a	1	1	2	3
760	1	1-4a	2	2	2	2
760	2	1-4a	2	3	2	2
761	1	1-4a	3	3	3	3
761	2	1-4a	2	2	2	2
762	1	1-4a	2	2	2	3
762	2	1-4a	2	2	2	3
763	1	1-4a	1	1	1	1
763	2	1-4a	1	1	1	1
764	1	1-4a	0	1	1	2
764	2	1-4a	0	1	1	2
765	1	1-4a	0	2	2	2
765	2	1-4a	0	1	1	3
766	1	1-4a	3	3	2	2
766	2	1-4a	3	3	3	3
767	1	1-4a	1	1	2	2
767	2	1-4a	1	1	2	2
768	1	1-4a	2	2	2	2
768	2	1-4a	3	3	3	3
769	1	1-4a	1	2	2	3
769	2	1-4a	2	2	2	3
770	1	1-4a	2	3	3	3
770	2	1-4a	2	2	2	3
771	1	1-4a	2	2	2	2
771	2	1-4a	3	3	3	3
772	1	1-4a	1	1	2	2
772	2	1-4a	1	1	2	3
773	1	1-4a	1	2	2	2
773	2	1-4a	1	2	2	2
774	1	1-4a	3	3	3	3
774	2	1-4a	3	3	3	3
775	1	1-4a	3	3	3	3
775	2	1-4a	3	3	3	2
776	1	1-4a	1	2	1	2
776	2	1-4a	2	2	2	2
777	1	1-4a	2	2	2	2
777	2	1-4a	2	2	2	2
778	1	1-4a	3	3	2	3
778	2	1-4a	2	3	2	2
779	1	1-4a	1	1	1	1
779	2	1-4a	1	1	1	1
780	1	1-4a	2	2	2	2
780	2	1-4a	3	3	3	3
781	1	1-4a	2	2	2	3
781	2	1-4a	2	2	2	3
782	1	1-4a	2	2	3	2
782	2	1-4a	3	2	2	3
783	1	1-4a	2	2	2	2
783	2	1-4a	1	1	1	2
784	1	1-4a	1	2	2	1
784	2	1-4a	1	1	1	1
785	1	1-4a	2	2	2	2
785	2	1-4a	2	2	1	1
786	1	1-4a	0	3	3	2
786	2	1-4a	0	1	1	2
787	1	1-4a	2	2	1	1
787	2	1-4a	2	2	2	2
788	1	1-4a	2	2	2	3
788	2	1-4a	2	3	3	3
789	1	1-4a	2	2	2	2
789	2	1-4a	3	3	2	2
790	1	1-4a	0	2	2	3
790	2	1-4a	1	1	1	2
791	1	1-4a	1	1	1	1
791	2	1-4a	1	1	0	1
792	1	1-4a	1	1	1	1
792	2	1-4a	1	1	1	1
793	1	1-4a	0	1	2	2
793	2	1-4a	0	1	2	2
794	1	1-4a	1	2	2	2
794	2	1-4a	2	1	2	3
795	1	1-4a	3	3	3	3
795	2	1-4a	3	3	3	3
796	1	1-4a	2	2	2	2
796	2	1-4a	2	2	2	2
797	1	1-4a	3	3	3	3
797	2	1-4a	3	3	3	3
798	1	1-4a	2	3	2	2
798	2	1-4a	3	3	2	3
799	1	1-4a	3	3	3	3
799	2	1-4a	2	2	2	2
800	1	1-4a	0	1	2	2
800	2	1-4a	0	2	1	1
801	1	1-4a	2	2	2	2
801	2	1-4a	2	2	2	2
802	1	1-4a	2	2	2	3
802	2	1-4a	2	2	3	2
803	1	1-4a	2	2	2	3
803	2	1-4a	1	1	2	2
804	1	1-4a	2	2	2	3
804	2	1-4a	1	1	2	3
805	1	1-4a	2	3	3	3
805	2	1-4a	2	3	3	3
806	1	1-4a	0	0	0	0
806	2	1-4a	1	1	1	1
807	1	1-4a	2	2	2	2
807	2	1-4a	2	2	2	2
808	1	1-4a	2	2	2	2
808	2	1-4a	2	2	2	1
809	1	1-4a	2	2	2	2
809	2	1-4a	2	2	2	2
810	1	1-4a	0	1	1	2
810	2	1-4a	0	2	1	1
811	1	1-4a	2	2	2	3
811	2	1-4a	2	3	3	3
812	1	1-4a	3	3	3	3
812	2	1-4a	3	3	3	3
813	1	1-4a	1	1	2	2
813	2	1-4a	1	1	2	2
814	1	1-4a	0	1	2	1
814	2	1-4a	1	1	1	2
815	1	1-4a	2	2	2	2
815	2	1-4a	1	1	1	1
816	1	1-4a	2	2	2	3
816	2	1-4a	2	2	2	3
817	1	1-4a	0	1	1	1
817	2	1-4a	0	1	1	2
818	1	1-4a	0	2	2	3
818	2	1-4a	1	2	3	3
819	1	1-4a	1	1	1	2
819	2	1-4a	2	2	2	2
820	1	1-4a	0	1	0	1
820	2	1-4a	1	1	1	1
821	1	1-4a	3	3	2	3
821	2	1-4a	3	3	3	3
822	1	1-4a	2	2	2	2
822	2	1-4a	1	1	2	2
823	1	1-4a	0	1	2	2
823	2	1-4a	0	1	2	2
824	1	1-4a	1	1	2	2
824	2	1-4a	3	3	3	3
825	1	1-4a	3	3	3	2
825	2	1-4a	2	2	3	3
826	1	1-4a	2	2	2	2
826	2	1-4a	2	3	2	2
827	1	1-4a	1	1	2	1
827	2	1-4a	2	2	2	2
828	1	1-4a	2	3	3	3
828	2	1-4a	3	3	3	3
829	1	1-4a	2	2	2	2
829	2	1-4a	2	2	2	2
830	1	1-4a	3	3	3	3
830	2	1-4a	2	2	2	2
831	1	1-4a	2	2	2	2
831	2	1-4a	2	3	2	2
832	1	1-4a	2	2	2	2
832	2	1-4a	2	2	2	2
833	1	1-4a	1	0	1	1
833	2	1-4a	2	1	1	2
834	1	1-4a	2	2	2	2
834	2	1-4a	2	3	2	3
835	1	1-4a	0	1	2	2
835	2	1-4a	0	1	1	2
836	1	1-4a	1	1	2	2
836	2	1-4a	2	2	2	1
837	1	1-4a	1	2	1	1
837	2	1-4a	2	2	1	1
838	1	1-4a	0	1	2	3
838	2	1-4a	0	2	2	2
839	1	1-4a	3	3	3	3
839	2	1-4a	2	3	2	3
840	1	1-4a	3	3	3	3
840	2	1-4a	2	2	2	3
841	1	1-4a	2	2	3	2
841	2	1-4a	2	2	2	2
842	1	1-4a	1	1	2	2
842	2	1-4a	2	2	2	2
843	1	1-4a	2	2	2	2
843	2	1-4a	2	2	2	2
844	1	1-4a	3	3	3	3
844	2	1-4a	3	3	3	3
845	1	1-4a	3	3	2	3
845	2	1-4a	3	3	3	3
846	1	1-4a	2	2	2	1
846	2	1-4a	2	2	1	1
847	1	1-4a	3	3	3	3
847	2	1-4a	3	3	3	3
848	1	1-4a	2	3	2	3
848	2	1-4a	2	2	2	2
849	1	1-4a	2	1	2	2
849	2	1-4a	2	2	2	2
850	1	1-4a	1	1	2	1
850	2	1-4a	1	2	2	2
851	1	1-4a	1	1	2	2
851	2	1-4a	2	2	2	2
852	1	1-4a	1	1	1	1
852	2	1-4a	2	1	1	1
853	1	1-4a	2	2	2	2
853	2	1-4a	2	2	2	2
854	1	1-4a	1	1	1	1
854	2	1-4a	1	1	1	1
855	1	1-4a	3	3	2	3
855	2	1-4a	3	3	3	3
856	1	1-4a	2	2	2	1
856	2	1-4a	2	3	3	1
857	1	1-4a	3	3	3	3
857	2	1-4a	3	3	3	3
858	1	1-4a	3	2	2	3
858	2	1-4a	2	2	2	3
859	1	1-4a	1	2	2	2
859	2	1-4a	2	2	2	3
860	1	1-4a	3	3	2	3
860	2	1-4a	3	3	3	3
861	1	1-4a	2	2	2	2
861	2	1-4a	2	2	2	2
862	1	1-4a	3	3	3	3
862	2	1-4a	3	3	3	3
863	1	1-4a	0	1	1	1
863	2	1-4a	1	1	1	1
864	1	1-4a	1	1	1	2
864	2	1-4a	0	1	2	2
865	1	1-4a	2	2	2	2
865	2	1-4a	2	3	2	2
866	1	1-4a	1	1	1	2
866	2	1-4a	1	1	1	2
867	1	1-4a	2	3	2	3
867	2	1-4a	2	2	2	3
868	1	1-4a	3	3	2	3
868	2	1-4a	3	2	2	2
869	1	1-4a	2	2	2	3
869	2	1-4a	2	2	2	2
870	1	1-4a	2	2	2	2
870	2	1-4a	2	2	2	3
871	1	1-4a	2	2	1	1
871	2	1-4a	1	1	2	1
872	1	1-4a	1	2	2	2
872	2	1-4a	2	2	2	2
873	1	1-4a	0	1	2	2
873	2	1-4a	0	1	1	2
874	1	1-4a	2	2	2	2
874	2	1-4a	2	3	3	3
875	1	1-4a	2	2	2	2
875	2	1-4a	3	3	3	3
876	1	1-4a	1	0	1	1
876	2	1-4a	1	1	1	1
877	1	1-4a	0	1	2	2
877	2	1-4a	0	2	2	3
878	1	1-4a	3	3	3	3
878	2	1-4a	3	3	3	3
879	1	1-4a	2	3	2	2
879	2	1-4a	3	3	2	3
880	1	1-4a	2	3	2	3
880	2	1-4a	2	3	2	2
881	1	1-4a	1	2	2	3
881	2	1-4a	2	2	1	1
882	1	1-4a	1	1	1	1
882	2	1-4a	1	1	2	2
883	1	1-4a	2	2	2	3
883	2	1-4a	3	3	2	3
884	1	1-4a	2	2	2	3
884	2	1-4a	2	2	2	2
885	1	1-4a	2	2	2	3
885	2	1-4a	2	2	2	2
886	1	1-4a	2	2	2	2
886	2	1-4a	3	3	3	3
887	1	1-4a	3	3	3	3
887	2	1-4a	3	3	3	3
888	1	1-4a	2	2	2	2
888	2	1-4a	2	2	2	2
889	1	1-4a	2	2	2	2
889	2	1-4a	3	3	3	2
890	1	1-4a	3	2	3	3
890	2	1-4a	3	3	3	3
891	1	1-4a	0	1	0	1
891	2	1-4a	1	1	1	1
892	1	1-4a	2	2	2	3
892	2	1-4a	2	2	1	2
893	1	1-4a	2	2	2	2
893	2	1-4a	1	2	1	2
894	1	1-4a	2	3	2	3
894	2	1-4a	2	3	3	3
895	1	1-4a	3	3	3	3
895	2	1-4a	3	3	3	3
896	1	1-4a	2	2	2	2
896	2	1-4a	2	2	2	2
897	1	1-4a	2	1	2	3
897	2	1-4a	2	2	2	2
898	1	1-4a	1	1	1	2
898	2	1-4a	2	2	2	2
899	1	1-4a	2	2	2	2
899	2	1-4a	3	3	2	2
900	1	1-4a	3	3	3	3
900	2	1-4a	3	3	3	3
901	1	1-4a	3	3	3	2
901	2	1-4a	2	2	2	2
902	1	1-4a	2	2	2	2
902	2	1-4a	2	3	2	2
903	1	1-4a	3	3	3	3
903	2	1-4a	3	2	2	3
904	1	1-4a	2	2	2	3
904	2	1-4a	2	1	2	3
905	1	1-4a	2	3	3	3
905	2	1-4a	2	2	2	2
906	1	1-4a	3	3	3	3
906	2	1-4a	2	2	3	3
907	1	1-4a	1	1	1	2
907	2	1-4a	2	2	2	1
908	1	1-4a	1	2	2	2
908	2	1-4a	2	2	2	2
909	1	1-4a	3	3	2	2
909	2	1-4a	3	3	3	3
910	1	1-4a	2	2	3	2
910	2	1-4a	2	2	2	2
911	1	1-4a	1	1	1	1
911	2	1-4a	2	2	1	1
912	1	1-4a	2	2	2	2
912	2	1-4a	2	2	2	2
913	1	1-4a	2	2	3	3
913	2	1-4a	2	2	2	2
914	1	1-4a	3	3	3	3
914	2	1-4a	3	3	3	3
915	1	1-4a	2	2	2	2
915	2	1-4a	3	3	2	2
916	1	1-4a	3	3	3	3
916	2	1-4a	3	2	2	2
917	1	1-4a	2	1	2	1
917	2	1-4a	1	1	1	1
918	1	1-4a	2	3	3	3
918	2	1-4a	3	3	3	3
919	1	1-4a	2	2	2	1
919	2	1-4a	3	3	2	2
920	1	1-4a	2	2	2	2
920	2	1-4a	1	1	2	2
921	1	1-4a	1	1	1	1
921	2	1-4a	2	1	2	2
922	1	1-4a	3	3	3	3
922	2	1-4a	3	3	3	3
923	1	1-4a	1	1	2	2
923	2	1-4a	1	1	1	1
924	1	1-4a	0	1	1	1
924	2	1-4a	0	1	1	1
925	1	1-4a	2	2	2	3
925	2	1-4a	2	3	3	3
926	1	1-4a	2	2	2	2
926	2	1-4a	2	2	2	3
927	1	1-4a	1	2	2	2
927	2	1-4a	1	2	2	2
928	1	1-4a	2	2	2	2
928	2	1-4a	2	2	2	2
929	1	1-4a	3	3	3	3
929	2	1-4a	2	2	3	2
930	1	1-4a	1	2	1	1
930	2	1-4a	2	2	2	2
931	1	1-4a	3	3	3	3
931	2	1-4a	3	3	3	3
932	1	1-4a	2	3	2	3
932	2	1-4a	1	2	2	2
933	1	1-4a	2	2	1	2
933	2	1-4a	2	2	2	2
934	1	1-4a	3	2	3	3
934	2	1-4a	2	2	2	2
935	1	1-4a	2	2	2	2
935	2	1-4a	2	2	2	1
936	1	1-4a	3	3	3	3
936	2	1-4a	2	2	2	2
937	1	1-4a	2	2	2	2
937	2	1-4a	2	3	2	2
938	1	1-4a	0	0	0	1
938	2	1-4a	0	1	1	1
939	1	1-4a	1	2	2	2
939	2	1-4a	3	3	2	2
940	1	1-4a	2	2	1	2
940	2	1-4a	2	2	2	2
941	1	1-4a	0	3	3	3
941	2	1-4a	0	2	3	3
942	1	1-4a	2	2	2	2
942	2	1-4a	2	3	2	3
943	1	1-4a	2	2	2	2
943	2	1-4a	2	3	2	2
944	1	1-4a	2	2	2	2
944	2	1-4a	2	2	1	1
945	1	1-4a	2	3	2	2
945	2	1-4a	1	1	2	2
946	1	1-4a	3	3	3	3
946	2	1-4a	2	3	2	1
947	1	1-4a	1	1	1	2
947	2	1-4a	0	1	1	2
948	1	1-4a	3	3	3	3
948	2	1-4a	2	2	2	2
949	1	1-4a	2	2	2	2
949	2	1-4a	2	2	2	3
950	1	1-4a	2	2	2	2
950	2	1-4a	2	2	2	2
951	1	1-4a	3	3	3	3
951	2	1-4a	3	3	3	3
952	1	1-4a	3	3	2	2
952	2	1-4a	3	2	2	3
953	1	1-4a	1	3	2	2
953	2	1-4a	0	1	1	2
954	1	1-4a	2	2	2	2
954	2	1-4a	0	3	3	3
955	1	1-4a	2	2	2	3
955	2	1-4a	1	1	1	2
956	1	1-4a	1	1	2	2
956	2	1-4a	0	2	2	3
957	1	1-4a	2	3	2	2
957	2	1-4a	2	2	1	2
958	1	1-4a	2	3	2	3
958	2	1-4a	3	3	3	3
959	1	1-4a	2	2	3	3
959	2	1-4a	2	2	2	3
960	1	1-4a	2	2	2	2
960	2	1-4a	1	2	2	2
961	1	1-4a	2	2	2	2
961	2	1-4a	2	2	2	2
962	1	1-4a	2	2	2	2
962	2	1-4a	2	2	2	3
963	1	1-4a	1	1	1	2
963	2	1-4a	1	1	1	1
964	1	1-4a	1	1	1	1
964	2	1-4a	2	2	1	1
965	1	1-4a	1	1	3	3
965	2	1-4a	0	2	2	2
966	1	1-4a	1	2	2	3
966	2	1-4a	1	1	2	2
967	1	1-4a	2	2	2	3
967	2	1-4a	1	1	2	2
968	1	1-4a	3	3	3	3
968	2	1-4a	3	3	2	3
969	1	1-4a	2	2	2	2
969	2	1-4a	3	3	2	2
970	1	1-4a	2	2	2	3
970	2	1-4a	2	2	2	3
971	1	1-4a	2	2	2	2
971	2	1-4a	3	3	3	3
972	1	1-4a	0	1	1	1
972	2	1-4a	1	1	1	1
973	1	1-4a	2	2	2	2
973	2	1-4a	3	3	3	3
974	1	1-4a	1	1	2	3
974	2	1-4a	0	1	2	2
975	1	1-4a	2	2	2	2
975	2	1-4a	2	2	2	2
976	1	1-4a	2	2	2	2
976	2	1-4a	3	3	2	3
977	1	1-4a	0	1	2	2
977	2	1-4a	1	1	2	1
978	1	1-4a	2	3	2	3
978	2	1-4a	3	3	2	3
979	1	1-4a	1	1	2	2
979	2	1-4a	1	2	2	2
980	1	1-4a	0	1	2	2
980	2	1-4a	1	1	1	2
981	1	1-4a	2	3	2	2
981	2	1-4a	2	2	2	2
982	1	1-4a	1	1	2	2
982	2	1-4a	2	1	2	2
983	1	1-4a	3	3	2	3
983	2	1-4a	2	2	2	2
984	1	1-4a	0	2	2	2
984	2	1-4a	0	1	2	1
985	1	1-4a	2	2	2	3
985	2	1-4a	2	2	2	2
986	1	1-4a	2	2	2	2
986	2	1-4a	3	3	2	2
987	1	1-4a	2	2	2	1
987	2	1-4a	2	2	1	1
988	1	1-4a	2	2	2	2
988	2	1-4a	3	3	2	3
989	1	1-4a	3	2	2	2
989	2	1-4a	1	1	1	2
990	1	1-4a	1	1	2	2
990	2	1-4a	1	1	1	2
991	1	1-4a	1	1	2	3
991	2	1-4a	0	1	2	3
992	1	1-4a	2	2	2	2
992	2	1-4a	2	2	2	2
993	1	1-4a	2	2	2	2
993	2	1-4a	2	2	2	2
994	1	1-4a	3	2	3	3
994	2	1-4a	0	2	2	2
995	1	1-4a	2	2	2	2
995	2	1-4a	1	2	2	2
996	1	1-4a	2	2	2	2
996	2	1-4a	2	1	2	2
997	1	1-4a	2	2	1	1
997	2	1-4a	1	1	1	1
998	1	1-4a	2	2	2	3
998	2	1-4a	2	2	2	2
999	1	1-4a	1	1	1	2
999	2	1-4a	0	1	2	2
1000	1	1-4a	2	3	2	2
1000	2	1-4a	2	2	2	3
1001	1	1-4a	1	1	3	3
1001	2	1-4a	2	3	3	3
1002	1	1-4a	2	3	2	3
1002	2	1-4a	2	3	2	3
1003	1	1-4a	3	3	3	3
1003	2	1-4a	3	3	3	3
1004	1	1-4a	1	1	1	1
1004	2	1-4a	2	2	2	2
1005	1	1-4a	3	3	3	3
1005	2	1-4a	3	3	3	3
1006	1	1-4a	3	3	3	3
1006	2	1-4a	3	3	3	3
1007	1	1-4a	3	3	2	3
1007	2	1-4a	2	3	3	3
1008	1	1-4a	2	2	2	2
1008	2	1-4a	2	2	2	2
1009	1	1-4a	2	2	2	3
1009	2	1-4a	2	2	2	2
1010	1	1-4a	2	2	2	2
1010	2	1-4a	3	2	2	2
1011	1	1-4a	1	1	1	1
1011	2	1-4a	2	2	1	1
1012	1	1-4a	2	3	2	3
1012	2	1-4a	3	3	3	3
1013	1	1-4a	2	3	2	2
1013	2	1-4a	3	2	2	1
1014	1	1-4a	1	1	1	1
1014	2	1-4a	1	1	1	1
1015	1	1-4a	2	2	2	2
1015	2	1-4a	2	2	2	3
1016	1	1-4a	0	0	0	1
1016	2	1-4a	0	0	0	1
1017	1	1-4a	2	3	2	2
1017	2	1-4a	3	3	3	3
1018	1	1-4a	3	3	3	3
1018	2	1-4a	3	3	3	3
1019	1	1-4a	1	1	1	1
1019	2	1-4a	1	1	2	1
1020	1	1-4a	2	2	2	3
1020	2	1-4a	3	3	2	3
1021	1	1-4a	3	3	2	3
1021	2	1-4a	3	3	3	2
1022	1	1-4a	3	3	3	3
1022	2	1-4a	2	3	3	3
1023	1	1-4a	2	2	2	2
1023	2	1-4a	1	1	1	1
1024	1	1-4a	1	2	2	2
1024	2	1-4a	2	1	2	3
1025	1	1-4a	2	2	2	2
1025	2	1-4a	2	2	2	2
1026	1	1-4a	3	3	3	2
1026	2	1-4a	3	3	3	2
1027	1	1-4a	0	1	2	2
1027	2	1-4a	1	1	2	2
1028	1	1-4a	0	2	2	3
1028	2	1-4a	0	2	2	3
1029	1	1-4a	2	2	2	2
1029	2	1-4a	2	2	2	3
1030	1	1-4a	1	1	2	2
1030	2	1-4a	1	1	2	2
1031	1	1-4a	3	3	3	3
1031	2	1-4a	3	3	3	3
1032	1	1-4a	1	1	1	1
1032	2	1-4a	1	1	2	2
1033	1	1-4a	3	3	2	2
1033	2	1-4a	2	2	2	3
1034	1	1-4a	3	3	3	3
1034	2	1-4a	3	3	3	3
1035	1	1-4a	2	2	2	2
1035	2	1-4a	3	3	2	2
1036	1	1-4a	1	1	1	1
1036	2	1-4a	0	1	1	1
1037	1	1-4a	2	2	2	2
1037	2	1-4a	1	1	2	1
1038	1	1-4a	2	2	2	2
1038	2	1-4a	3	3	3	2
1039	1	1-4a	3	3	3	3
1039	2	1-4a	3	3	3	3
1040	1	1-4a	0	1	1	1
1040	2	1-4a	0	1	1	2
1041	1	1-4a	3	3	2	3
1041	2	1-4a	2	2	2	3
1042	1	1-4a	2	2	2	2
1042	2	1-4a	2	2	2	3
1043	1	1-4a	3	3	2	3
1043	2	1-4a	2	2	2	2
1044	1	1-4a	3	3	3	2
1044	2	1-4a	2	2	2	2
1045	1	1-4a	2	2	2	2
1045	2	1-4a	3	3	2	3
1046	1	1-4a	2	2	2	2
1046	2	1-4a	2	2	2	3
1047	1	1-4a	2	2	2	3
1047	2	1-4a	2	2	2	2
1048	1	1-4a	1	1	2	2
1048	2	1-4a	1	2	2	2
1049	1	1-4a	1	2	1	1
1049	2	1-4a	1	1	1	1
1050	1	1-4a	2	2	2	2
1050	2	1-4a	2	2	2	2
1051	1	1-4a	2	2	2	1
1051	2	1-4a	1	1	1	2
1052	1	1-4a	0	1	1	1
1052	2	1-4a	0	1	1	1
1053	1	1-4a	2	2	2	1
1053	2	1-4a	2	2	1	1
1054	1	1-4a	2	2	2	2
1054	2	1-4a	2	1	2	2
1055	1	1-4a	2	2	2	2
1055	2	1-4a	2	3	2	3
1056	1	1-4a	2	2	2	2
1056	2	1-4a	2	2	2	2
1057	1	1-4a	3	3	2	3
1057	2	1-4a	2	2	2	2
1058	1	1-4a	3	2	3	2
1058	2	1-4a	3	3	3	3
1059	1	1-4a	0	1	2	2
1059	2	1-4a	0	2	2	2
1060	1	1-4a	3	2	2	3
1060	2	1-4a	0	1	2	3
1061	1	1-4a	2	2	2	2
1061	2	1-4a	2	2	2	3
1062	1	1-4a	2	2	2	3
1062	2	1-4a	2	2	2	2
1063	1	1-4a	1	1	2	2
1063	2	1-4a	1	1	2	2
1064	1	1-4a	2	1	2	2
1064	2	1-4a	2	2	2	2
1065	1	1-4a	0	0	1	2
1065	2	1-4a	0	0	0	0
1066	1	1-4a	2	2	2	2
1066	2	1-4a	1	1	2	2
1067	1	1-4a	2	2	2	2
1067	2	1-4a	2	3	3	3
1068	1	1-4a	1	3	2	3
1068	2	1-4a	1	2	2	2
1069	1	1-4a	1	1	2	2
1069	2	1-4a	2	2	2	3
1070	1	1-4a	2	2	2	3
1070	2	1-4a	2	2	1	2
1071	1	1-4a	2	3	2	3
1071	2	1-4a	0	2	2	3
1072	1	1-4a	2	2	2	2
1072	2	1-4a	2	2	2	2
1073	1	1-4a	2	2	2	3
1073	2	1-4a	2	2	2	2
1074	1	1-4a	2	2	3	2
1074	2	1-4a	2	2	2	2
1075	1	1-4a	1	2	1	1
1075	2	1-4a	2	2	2	2
1076	1	1-4a	2	2	2	2
1076	2	1-4a	2	2	2	2
1077	1	1-4a	2	2	2	3
1077	2	1-4a	3	3	3	3
1078	1	1-4a	0	1	2	3
1078	2	1-4a	0	1	2	2
1079	1	1-4a	1	1	2	3
1079	2	1-4a	1	2	2	2
1080	1	1-4a	3	3	3	3
1080	2	1-4a	3	3	3	3
1081	1	1-4a	3	2	3	2
1081	2	1-4a	3	3	3	2
1082	1	1-4a	2	3	2	3
1082	2	1-4a	3	3	3	2
1083	1	1-4a	1	1	1	1
1083	2	1-4a	2	2	2	2
1084	1	1-4a	0	2	2	2
1084	2	1-4a	0	1	1	2
1085	1	1-4a	3	3	2	2
1085	2	1-4a	2	3	2	3
1086	1	1-4a	2	2	2	2
1086	2	1-4a	2	2	2	2
1087	1	1-4a	2	2	1	1
1087	2	1-4a	2	1	2	1
1088	1	1-4a	2	2	2	2
1088	2	1-4a	2	2	2	2
1089	1	1-4a	2	2	3	2
1089	2	1-4a	0	2	2	2
1090	1	1-4a	2	2	2	3
1090	2	1-4a	2	2	2	3
1091	1	1-4a	2	2	2	2
1091	2	1-4a	2	2	2	2
1092	1	1-4a	2	2	1	1
1092	2	1-4a	1	1	1	1
1093	1	1-4a	0	1	2	1
1093	2	1-4a	0	1	1	1
1094	1	1-4a	2	2	1	2
1094	2	1-4a	2	2	2	2
1095	1	1-4a	2	2	2	2
1095	2	1-4a	0	1	2	2
1096	1	1-4a	0	1	2	2
1096	2	1-4a	1	1	1	1
1097	1	1-4a	3	3	3	3
1097	2	1-4a	2	3	2	3
1098	1	1-4a	2	2	2	2
1098	2	1-4a	3	3	2	3
1099	1	1-4a	3	3	3	2
1099	2	1-4a	2	2	2	2
1100	1	1-4a	3	3	3	3
1100	2	1-4a	3	3	3	3
1101	1	1-4a	2	3	2	2
1101	2	1-4a	3	3	3	3
1102	1	1-4a	2	2	2	3
1102	2	1-4a	1	2	2	2
1103	1	1-4a	2	2	2	2
1103	2	1-4a	2	2	2	2
1104	1	1-4a	2	2	2	1
1104	2	1-4a	2	2	2	2
1105	1	1-4a	2	2	2	2
1105	2	1-4a	2	2	2	2
1106	1	1-4a	2	2	2	3
1106	2	1-4a	3	3	3	3
1107	1	1-4a	2	2	2	2
1107	2	1-4a	3	3	3	3
1108	1	1-4a	0	2	3	3
1108	2	1-4a	0	2	2	3
1109	1	1-4a	2	2	2	3
1109	2	1-4a	1	1	2	2
1110	1	1-4a	3	3	2	3
1110	2	1-4a	2	2	2	3
1111	1	1-4a	1	1	1	1
1111	2	1-4a	0	1	1	1
1112	1	1-4a	2	2	2	2
1112	2	1-4a	2	2	2	3
1113	1	1-4a	3	3	3	3
1113	2	1-4a	3	3	3	3
1114	1	1-4a	2	2	3	3
1114	2	1-4a	2	2	2	2
1115	1	1-4a	0	1	1	1
1115	2	1-4a	0	1	2	2
1116	1	1-4a	2	2	2	2
1116	2	1-4a	2	2	2	2
1117	1	1-4a	2	3	2	3
1117	2	1-4a	3	3	3	3
1118	1	1-4a	2	2	2	3
1118	2	1-4a	2	2	2	3
1119	1	1-4a	2	2	2	3
1119	2	1-4a	2	2	2	2
1120	1	1-4a	2	2	3	3
1120	2	1-4a	2	2	2	2
1121	1	1-4a	2	2	2	2
1121	2	1-4a	2	2	2	3
1122	1	1-4a	3	3	2	2
1122	2	1-4a	2	2	1	2
1123	1	1-4a	0	1	2	2
1123	2	1-4a	0	1	2	2
1124	1	1-4a	0	1	2	2
1124	2	1-4a	0	1	1	2
1125	1	1-4a	2	1	2	2
1125	2	1-4a	0	2	1	2
1126	1	1-4a	3	3	3	3
1126	2	1-4a	2	2	2	2
1127	1	1-4a	2	2	2	1
1127	2	1-4a	2	2	2	2
1128	1	1-4a	1	1	1	2
1128	2	1-4a	0	1	2	2
1129	1	1-4a	3	3	3	3
1129	2	1-4a	3	3	3	3
1130	1	1-4a	3	2	3	2
1130	2	1-4a	2	2	2	3
1131	1	1-4a	0	2	2	3
1131	2	1-4a	0	1	2	2
1132	1	1-4a	2	2	2	1
1132	2	1-4a	3	3	2	2
1133	1	1-4a	2	2	2	2
1133	2	1-4a	1	1	1	2
1134	1	1-4a	2	2	1	2
1134	2	1-4a	2	2	2	2
1135	1	1-4a	1	1	2	2
1135	2	1-4a	1	1	2	2
1136	1	1-4a	2	2	2	3
1136	2	1-4a	2	2	2	2
1137	1	1-4a	2	2	1	2
1137	2	1-4a	2	2	2	2
1138	1	1-4a	3	3	2	3
1138	2	1-4a	2	2	2	3
1139	1	1-4a	0	1	1	2
1139	2	1-4a	1	1	1	1
1140	1	1-4a	3	3	2	2
1140	2	1-4a	3	3	3	1
1141	1	1-4a	2	2	2	3
1141	2	1-4a	3	3	2	3
1142	1	1-4a	3	3	3	3
1142	2	1-4a	2	2	2	3
1143	1	1-4a	1	1	1	2
1143	2	1-4a	1	2	1	2
1144	1	1-4a	3	3	1	2
1144	2	1-4a	2	2	2	2
1145	1	1-4a	3	3	2	2
1145	2	1-4a	3	3	2	3
1146	1	1-4a	3	3	3	3
1146	2	1-4a	2	2	2	3
1147	1	1-4a	2	2	2	3
1147	2	1-4a	2	2	2	2
1148	1	1-4a	3	3	3	3
1148	2	1-4a	3	3	3	3
1149	1	1-4a	1	2	2	2
1149	2	1-4a	1	1	1	2
1150	1	1-4a	2	3	2	2
1150	2	1-4a	2	2	2	2
1151	1	1-4a	2	2	2	3
1151	2	1-4a	2	3	2	3
1152	1	1-4a	2	2	2	2
1152	2	1-4a	2	2	2	1
1153	1	1-4a	2	2	2	2
1153	2	1-4a	1	2	2	1
1154	1	1-4a	1	1	2	1
1154	2	1-4a	1	1	2	2
1155	1	1-4a	2	2	2	3
1155	2	1-4a	3	3	3	3
1156	1	1-4a	2	3	3	3
1156	2	1-4a	2	2	2	3
1157	1	1-4a	2	2	2	3
1157	2	1-4a	2	2	2	2
1158	1	1-4a	2	2	2	2
1158	2	1-4a	2	2	2	2
1159	1	1-4a	2	3	3	3
1159	2	1-4a	2	2	2	3
1160	1	1-4a	2	2	2	2
1160	2	1-4a	1	2	1	2
1161	1	1-4a	2	2	2	3
1161	2	1-4a	1	2	2	2
1162	1	1-4a	0	0	0	0
1162	2	1-4a	1	1	1	2
1163	1	1-4a	3	3	2	3
1163	2	1-4a	3	3	3	3
1164	1	1-4a	2	2	2	2
1164	2	1-4a	2	2	2	3
1165	1	1-4a	2	2	2	2
1165	2	1-4a	2	2	2	3
1166	1	1-4a	2	2	2	2
1166	2	1-4a	2	2	2	2
1167	1	1-4a	1	1	1	1
1167	2	1-4a	2	2	2	2
1168	1	1-4a	0	1	1	1
1168	2	1-4a	1	1	1	2
1169	1	1-4a	2	2	1	1
1169	2	1-4a	2	2	2	1
1170	1	1-4a	1	1	1	1
1170	2	1-4a	1	1	1	1
1171	1	1-4a	2	1	1	1
1171	2	1-4a	2	2	2	2
1172	1	1-4a	1	1	1	1
1172	2	1-4a	2	1	2	2
1173	1	1-4a	1	1	1	1
1173	2	1-4a	1	1	1	2
1174	1	1-4a	2	2	3	2
1174	2	1-4a	2	3	3	2
1175	1	1-4a	3	3	2	3
1175	2	1-4a	3	3	2	3
1176	1	1-4a	1	0	3	3
1176	2	1-4a	1	1	2	2
1177	1	1-4a	0	1	2	2
1177	2	1-4a	0	1	2	3
1178	1	1-4a	2	2	2	2
1178	2	1-4a	3	3	3	3
1179	1	1-4a	2	2	2	2
1179	2	1-4a	2	3	2	3
1180	1	1-4a	0	1	2	2
1180	2	1-4a	0	2	3	2
1181	1	1-4a	2	1	2	2
1181	2	1-4a	2	2	2	2
1182	1	1-4a	3	3	3	3
1182	2	1-4a	3	3	3	3
1183	1	1-4a	3	3	3	3
1183	2	1-4a	3	3	3	3
1184	1	1-4a	2	2	2	2
1184	2	1-4a	2	2	1	2
1185	1	1-4a	1	2	2	2
1185	2	1-4a	2	2	2	2
1186	1	1-4a	1	1	2	1
1186	2	1-4a	1	1	1	1
1187	1	1-4a	2	2	3	2
1187	2	1-4a	2	2	2	2
1188	1	1-4a	1	1	2	1
1188	2	1-4a	1	2	2	2
1189	1	1-4a	2	2	3	3
1189	2	1-4a	2	2	2	2
1190	1	1-4a	2	2	2	2
1190	2	1-4a	1	1	2	2
1191	1	1-4a	2	2	2	2
1191	2	1-4a	2	2	2	2
1192	1	1-4a	1	1	1	2
1192	2	1-4a	2	2	1	2
1193	1	1-4a	0	1	1	1
1193	2	1-4a	0	1	2	2
1194	1	1-4a	2	2	2	2
1194	2	1-4a	3	3	2	2
1195	1	1-4a	2	2	2	1
1195	2	1-4a	3	2	2	2
1196	1	1-4a	2	3	2	3
1196	2	1-4a	2	2	2	3
1197	1	1-4a	2	2	2	2
1197	2	1-4a	3	3	3	2
1198	1	1-4a	2	2	1	1
1198	2	1-4a	2	2	1	1
1199	1	1-4a	2	2	2	1
1199	2	1-4a	2	2	2	1
1200	1	1-4a	2	2	2	2
1200	2	1-4a	2	2	2	3
1201	1	1-4a	1	1	2	2
1201	2	1-4a	2	2	2	2
1202	1	1-4a	2	2	2	2
1202	2	1-4a	2	2	2	2
1203	1	1-4a	3	2	2	3
1203	2	1-4a	2	2	2	2
1204	1	1-4a	2	2	2	2
1204	2	1-4a	2	2	2	2
1205	1	1-4a	2	2	2	3
1205	2	1-4a	2	3	2	3
1206	1	1-4a	2	2	2	2
1206	2	1-4a	3	3	3	3
1207	1	1-4a	0	1	1	1
1207	2	1-4a	0	1	1	1
1208	1	1-4a	2	2	3	2
1208	2	1-4a	1	2	2	2
1209	1	1-4a	2	3	2	1
1209	2	1-4a	3	3	2	2
1210	1	1-4a	2	2	2	3
1210	2	1-4a	3	3	3	3
1211	1	1-4a	2	2	2	3
1211	2	1-4a	2	2	2	2
1212	1	1-4a	2	2	2	2
1212	2	1-4a	2	2	2	3
1213	1	1-4a	0	1	2	2
1213	2	1-4a	0	1	2	3
1214	1	1-4a	1	2	2	2
1214	2	1-4a	1	1	1	1
1215	1	1-4a	2	3	2	3
1215	2	1-4a	3	3	2	3
1216	1	1-4a	2	2	2	2
1216	2	1-4a	2	2	1	1
1217	1	1-4a	2	2	2	2
1217	2	1-4a	0	2	2	2
1218	1	1-4a	1	1	2	2
1218	2	1-4a	0	2	2	2
1219	1	1-4a	1	1	1	2
1219	2	1-4a	0	1	1	2
1220	1	1-4a	2	2	2	2
1220	2	1-4a	2	2	2	2
1221	1	1-4a	2	3	2	3
1221	2	1-4a	3	3	3	2
1222	1	1-4a	2	2	2	2
1222	2	1-4a	3	2	3	3
1223	1	1-4a	2	2	2	2
1223	2	1-4a	2	2	2	2
1224	1	1-4a	1	1	1	1
1224	2	1-4a	1	1	2	2
1225	1	1-4a	3	3	3	3
1225	2	1-4a	2	2	2	2
1226	1	1-4a	2	2	2	2
1226	2	1-4a	1	2	1	2
1227	1	1-4a	3	3	2	3
1227	2	1-4a	3	3	3	3
1228	1	1-4a	2	2	2	2
1228	2	1-4a	2	2	2	3
1229	1	1-4a	2	2	2	3
1229	2	1-4a	2	2	2	1
1230	1	1-4a	3	3	3	3
1230	2	1-4a	3	3	3	3
1231	1	1-4a	3	3	2	3
1231	2	1-4a	2	2	2	2
1232	1	1-4a	3	3	3	3
1232	2	1-4a	3	3	3	3
1233	1	1-4a	2	2	2	3
1233	2	1-4a	3	3	3	3
1234	1	1-4a	2	2	2	2
1234	2	1-4a	2	2	2	3
1235	1	1-4a	2	2	2	2
1235	2	1-4a	3	3	2	3
1236	1	1-4a	3	3	3	3
1236	2	1-4a	3	3	3	3
1237	1	1-4a	3	3	3	3
1237	2	1-4a	3	3	3	3
1238	1	1-4a	1	2	2	2
1238	2	1-4a	1	2	2	2
1239	1	1-4a	1	1	2	2
1239	2	1-4a	3	2	2	2
1240	1	1-4a	3	3	3	3
1240	2	1-4a	3	3	3	3
1241	1	1-4a	2	2	2	2
1241	2	1-4a	2	2	2	2
1242	1	1-4a	2	2	3	3
1242	2	1-4a	3	3	3	3
1243	1	1-4a	2	2	2	3
1243	2	1-4a	3	2	2	3
1244	1	1-4a	2	2	2	3
1244	2	1-4a	2	2	2	2
1245	1	1-4a	3	3	2	3
1245	2	1-4a	3	3	3	3
1246	1	1-4a	3	3	2	3
1246	2	1-4a	2	2	2	2
1247	1	1-4a	2	2	2	2
1247	2	1-4a	2	1	3	3
1248	1	1-4a	0	1	2	2
1248	2	1-4a	0	2	2	3
1249	1	1-4a	2	2	1	2
1249	2	1-4a	2	2	2	2
1250	1	1-4a	3	3	2	2
1250	2	1-4a	3	3	3	3
1251	1	1-4a	0	2	2	3
1251	2	1-4a	0	2	2	3
1252	1	1-4a	2	2	2	2
1252	2	1-4a	2	2	2	2
1253	1	1-4a	1	2	1	2
1253	2	1-4a	1	1	1	2
1254	1	1-4a	2	2	1	1
1254	2	1-4a	1	1	1	1
1255	1	1-4a	1	1	1	1
1255	2	1-4a	1	1	1	1
1256	1	1-4a	2	2	2	3
1256	2	1-4a	2	2	2	2
1257	1	1-4a	2	2	2	2
1257	2	1-4a	3	3	3	3
1258	1	1-4a	1	2	1	1
1258	2	1-4a	2	2	2	2
1259	1	1-4a	1	1	2	2
1259	2	1-4a	1	1	1	1
1260	1	1-4a	2	2	2	2
1260	2	1-4a	1	2	1	2
1261	1	1-4a	2	3	3	3
1261	2	1-4a	3	3	3	3
1262	1	1-4a	2	2	2	2
1262	2	1-4a	1	1	1	1
1263	1	1-4a	3	3	3	3
1263	2	1-4a	3	3	3	2
1264	1	1-4a	2	2	2	2
1264	2	1-4a	1	1	1	2
1265	1	1-4a	2	2	1	2
1265	2	1-4a	1	1	1	1
1266	1	1-4a	2	3	2	2
1266	2	1-4a	2	2	2	2
1267	1	1-4a	2	2	2	3
1267	2	1-4a	2	2	2	3
1268	1	1-4a	2	2	2	2
1268	2	1-4a	3	2	2	2
1269	1	1-4a	2	2	2	2
1269	2	1-4a	2	2	2	2
1270	1	1-4a	3	3	2	3
1270	2	1-4a	3	3	3	3
1271	1	1-4a	2	2	2	3
1271	2	1-4a	3	3	2	3
1272	1	1-4a	2	2	2	2
1272	2	1-4a	3	3	2	3
1273	1	1-4a	2	2	2	3
1273	2	1-4a	2	2	1	2
1274	1	1-4a	2	2	2	2
1274	2	1-4a	2	2	2	2
1275	1	1-4a	2	3	2	2
1275	2	1-4a	2	2	2	2
1276	1	1-4a	3	3	3	3
1276	2	1-4a	3	3	3	3
1277	1	1-4a	2	3	2	3
1277	2	1-4a	2	2	3	2
1278	1	1-4a	2	2	2	2
1278	2	1-4a	2	2	2	2
1279	1	1-4a	2	2	2	1
1279	2	1-4a	2	2	2	2
1280	1	1-4a	0	1	2	2
1280	2	1-4a	2	2	2	2
1281	1	1-4a	2	3	2	2
1281	2	1-4a	3	3	3	3
1282	1	1-4a	0	2	2	2
1282	2	1-4a	2	2	2	3
1283	1	1-4a	3	3	2	3
1283	2	1-4a	3	3	3	3
1284	1	1-4a	2	2	1	2
1284	2	1-4a	1	1	1	1
1285	1	1-4a	2	2	2	2
1285	2	1-4a	2	2	2	2
1286	1	1-4a	0	1	1	2
1286	2	1-4a	0	2	2	2
1287	1	1-4a	2	2	3	2
1287	2	1-4a	1	1	2	2
1288	1	1-4a	2	2	2	2
1288	2	1-4a	2	2	2	2
1289	1	1-4a	2	2	2	2
1289	2	1-4a	2	2	2	2
1290	1	1-4a	2	2	2	3
1290	2	1-4a	3	3	3	3
1291	1	1-4a	2	2	2	1
1291	2	1-4a	2	2	2	2
1292	1	1-4a	2	2	2	3
1292	2	1-4a	2	2	2	3
1293	1	1-4a	3	2	2	3
1293	2	1-4a	1	2	2	2
1294	1	1-4a	2	2	2	2
1294	2	1-4a	2	2	2	3
1295	1	1-4a	1	2	2	2
1295	2	1-4a	3	3	3	3
1296	1	1-4a	1	1	1	2
1296	2	1-4a	1	2	1	2
1297	1	1-4a	2	1	2	2
1297	2	1-4a	3	3	3	3
1298	1	1-4a	3	3	3	3
1298	2	1-4a	3	3	3	3
1299	1	1-4a	3	3	2	1
1299	2	1-4a	3	3	2	1
1300	1	1-4a	3	2	2	2
1300	2	1-4a	2	2	2	2
1301	1	1-4a	3	3	3	3
1301	2	1-4a	2	3	3	2
1302	1	1-4a	3	3	3	3
1302	2	1-4a	3	3	3	3
1303	1	1-4a	2	2	2	2
1303	2	1-4a	2	2	2	2
1304	1	1-4a	3	3	2	2
1304	2	1-4a	3	3	3	3
1305	1	1-4a	2	2	2	3
1305	2	1-4a	2	2	2	3
1306	1	1-4a	3	3	3	3
1306	2	1-4a	3	2	3	3
1307	1	1-4a	2	2	2	2
1307	2	1-4a	3	2	2	1
1308	1	1-4a	2	2	2	3
1308	2	1-4a	2	2	2	2
1309	1	1-4a	3	3	3	3
1309	2	1-4a	3	3	3	3
1310	1	1-4a	1	1	1	2
1310	2	1-4a	1	2	2	2
1311	1	1-4a	2	2	2	3
1311	2	1-4a	2	2	2	2
1312	1	1-4a	0	1	2	2
1312	2	1-4a	0	1	2	2
1313	1	1-4a	2	2	2	2
1313	2	1-4a	2	3	2	3
1314	1	1-4a	2	2	2	2
1314	2	1-4a	2	3	2	3
1315	1	1-4a	2	2	3	2
1315	2	1-4a	2	2	2	2
1316	1	1-4a	1	1	2	2
1316	2	1-4a	2	2	2	2
1317	1	1-4a	3	2	2	3
1317	2	1-4a	2	2	2	2
1318	1	1-4a	3	3	3	3
1318	2	1-4a	3	3	2	3
1319	1	1-4a	2	2	1	2
1319	2	1-4a	2	2	2	2
1320	1	1-4a	2	2	2	2
1320	2	1-4a	2	2	2	2
1321	1	1-4a	2	2	2	3
1321	2	1-4a	2	2	2	2
1322	1	1-4a	2	2	2	3
1322	2	1-4a	2	2	2	3
1323	1	1-4a	0	1	2	2
1323	2	1-4a	2	2	2	2
1324	1	1-4a	2	2	1	1
1324	2	1-4a	2	2	2	2
1325	1	1-4a	2	2	3	3
1325	2	1-4a	2	3	2	2
1326	1	1-4a	2	2	1	1
1326	2	1-4a	2	2	1	2
1327	1	1-4a	1	2	1	1
1327	2	1-4a	2	2	1	1
1328	1	1-4a	2	3	2	3
1328	2	1-4a	3	3	3	3
1329	1	1-4a	0	2	2	3
1329	2	1-4a	0	1	1	2
1330	1	1-4a	2	2	2	2
1330	2	1-4a	1	1	2	2
1331	1	1-4a	1	1	2	2
1331	2	1-4a	1	1	1	1
1332	1	1-4a	2	2	2	3
1332	2	1-4a	2	2	2	2
1333	1	1-4a	2	2	2	2
1333	2	1-4a	1	2	2	3
1334	1	1-4a	2	2	2	2
1334	2	1-4a	2	3	3	3
1335	1	1-4a	2	2	2	2
1335	2	1-4a	2	2	2	3
1336	1	1-4a	1	1	1	2
1336	2	1-4a	1	1	1	2
1337	1	1-4a	3	3	2	3
1337	2	1-4a	3	3	3	3
1338	1	1-4a	3	3	3	3
1338	2	1-4a	3	3	3	3
1339	1	1-4a	3	3	3	3
1339	2	1-4a	3	2	3	3
1340	1	1-4a	3	3	2	2
1340	2	1-4a	2	2	2	2
1341	1	1-4a	0	2	2	3
1341	2	1-4a	0	1	2	2
1342	1	1-4a	1	1	1	1
1342	2	1-4a	2	2	2	1
1343	1	1-4a	3	3	2	3
1343	2	1-4a	2	2	2	3
1344	1	1-4a	2	1	1	2
1344	2	1-4a	2	2	2	2
1345	1	1-4a	1	1	1	1
1345	2	1-4a	2	2	2	1
1346	1	1-4a	0	2	1	2
1346	2	1-4a	0	1	1	1
1347	1	1-4a	2	2	2	2
1347	2	1-4a	1	1	1	2
1348	1	1-4a	3	3	2	2
1348	2	1-4a	2	3	2	3
1349	1	1-4a	2	2	1	1
1349	2	1-4a	2	2	1	2
1350	1	1-4a	2	2	2	2
1350	2	1-4a	2	2	2	2
1351	1	1-4a	2	2	2	1
1351	2	1-4a	2	2	2	2
1352	1	1-4a	2	2	2	2
1352	2	1-4a	2	2	2	2
1353	1	1-4a	1	2	2	1
1353	2	1-4a	1	2	2	1
1354	1	1-4a	2	2	2	2
1354	2	1-4a	2	2	2	2
1355	1	1-4a	2	2	2	2
1355	2	1-4a	1	1	1	1
1356	1	1-4a	2	2	2	2
1356	2	1-4a	3	3	3	3
1357	1	1-4a	2	2	1	2
1357	2	1-4a	2	2	2	2
1358	1	1-4a	2	2	2	2
1358	2	1-4a	2	2	2	2
1359	1	1-4a	2	2	2	2
1359	2	1-4a	1	2	2	2
1360	1	1-4a	1	1	2	2
1360	2	1-4a	2	2	2	2
1361	1	1-4a	3	2	2	2
1361	2	1-4a	2	2	1	2
1362	1	1-4a	1	1	1	0
1362	2	1-4a	1	1	1	0
1363	1	1-4a	2	2	2	2
1363	2	1-4a	1	1	2	2
1364	1	1-4a	2	2	2	2
1364	2	1-4a	1	2	2	2
1365	1	1-4a	2	2	2	1
1365	2	1-4a	2	2	2	2
1366	1	1-4a	1	1	1	2
1366	2	1-4a	1	2	2	2
1367	1	1-4a	3	3	3	3
1367	2	1-4a	3	3	3	3
1368	1	1-4a	3	3	2	3
1368	2	1-4a	2	3	2	2
1369	1	1-4a	3	3	2	3
1369	2	1-4a	2	2	2	3
1370	1	1-4a	2	2	2	2
1370	2	1-4a	2	2	2	2
1371	1	1-4a	2	2	2	2
1371	2	1-4a	3	3	3	3
1372	1	1-4a	2	1	1	1
1372	2	1-4a	1	1	1	1
1373	1	1-4a	1	1	1	1
1373	2	1-4a	0	1	1	1
1374	1	1-4a	2	2	2	2
1374	2	1-4a	2	2	2	2
1375	1	1-4a	2	2	1	3
1375	2	1-4a	2	2	2	2
1376	1	1-4a	3	3	3	3
1376	2	1-4a	3	2	2	3
1377	1	1-4a	1	1	1	1
1377	2	1-4a	1	1	1	1
1378	1	1-4a	2	1	2	1
1378	2	1-4a	2	2	2	2
1379	1	1-4a	2	3	2	3
1379	2	1-4a	3	3	3	3
1380	1	1-4a	2	2	2	2
1380	2	1-4a	2	2	2	2
1381	1	1-4a	2	2	2	2
1381	2	1-4a	2	2	2	2
1382	1	1-4a	1	1	1	1
1382	2	1-4a	1	1	1	1
1383	1	1-4a	2	2	2	3
1383	2	1-4a	3	3	3	3
1384	1	1-4a	3	3	2	2
1384	2	1-4a	2	2	2	2
1385	1	1-4a	2	2	2	3
1385	2	1-4a	1	2	2	2
1386	1	1-4a	2	3	3	3
1386	2	1-4a	0	0	1	1
1387	1	1-4a	2	2	2	2
1387	2	1-4a	3	3	3	3
1388	1	1-4a	2	3	2	3
1388	2	1-4a	3	3	3	2
1389	1	1-4a	2	2	2	2
1389	2	1-4a	2	2	2	3
1390	1	1-4a	2	2	2	2
1390	2	1-4a	2	2	2	2
1391	1	1-4a	2	2	2	2
1391	2	1-4a	2	2	1	2
1392	1	1-4a	0	1	1	1
1392	2	1-4a	0	1	1	2
1393	1	1-4a	2	2	2	2
1393	2	1-4a	2	2	2	2
1394	1	1-4a	0	1	1	1
1394	2	1-4a	0	1	1	1
1395	1	1-4a	2	2	2	2
1395	2	1-4a	1	1	2	1
1396	1	1-4a	2	2	2	3
1396	2	1-4a	2	2	2	2
1397	1	1-4a	1	1	1	2
1397	2	1-4a	1	1	1	1
1398	1	1-4a	1	2	2	2
1398	2	1-4a	1	2	2	2
1399	1	1-4a	3	3	2	3
1399	2	1-4a	3	3	2	2
1400	1	1-4a	3	3	3	3
1400	2	1-4a	3	3	2	2
1401	1	1-4a	2	2	2	2
1401	2	1-4a	2	2	2	2
1402	1	1-4a	2	2	3	3
1402	2	1-4a	3	3	3	3
1403	1	1-4a	2	2	2	3
1403	2	1-4a	2	2	2	2
1404	1	1-4a	3	3	3	2
1404	2	1-4a	3	3	2	2
1405	1	1-4a	0	1	2	2
1405	2	1-4a	1	1	1	2
1406	1	1-4a	2	2	2	2
1406	2	1-4a	1	1	2	2
1407	1	1-4a	3	3	2	2
1407	2	1-4a	3	3	3	3
1408	1	1-4a	1	1	2	2
1408	2	1-4a	2	2	2	2
1409	1	1-4a	2	3	2	3
1409	2	1-4a	2	2	2	2
1410	1	1-4a	2	2	2	2
1410	2	1-4a	2	2	2	2
1411	1	1-4a	2	2	2	2
1411	2	1-4a	1	2	1	1
1412	1	1-4a	0	2	2	2
1412	2	1-4a	3	3	3	3
1413	1	1-4a	2	2	2	2
1413	2	1-4a	0	1	1	2
1414	1	1-4a	1	1	1	1
1414	2	1-4a	1	1	1	1
1415	1	1-4a	2	2	2	2
1415	2	1-4a	2	2	2	2
1416	1	1-4a	3	3	3	3
1416	2	1-4a	3	3	3	3
1417	1	1-4a	2	2	2	2
1417	2	1-4a	2	3	2	3
1418	1	1-4a	2	1	2	1
1418	2	1-4a	2	2	2	2
1419	1	1-4a	1	1	1	1
1419	2	1-4a	1	1	1	1
1420	1	1-4a	0	1	1	1
1420	2	1-4a	0	1	2	2
1421	1	1-4a	1	1	2	2
1421	2	1-4a	1	2	2	2
1422	1	1-4a	2	2	1	2
1422	2	1-4a	1	1	1	1
1423	1	1-4a	3	3	3	2
1423	2	1-4a	2	3	3	2
1424	1	1-4a	2	2	2	1
1424	2	1-4a	2	2	2	1
1425	1	1-4a	2	2	1	1
1425	2	1-4a	2	2	2	2
1426	1	1-4a	3	3	3	3
1426	2	1-4a	3	3	2	3
1427	1	1-4a	2	2	2	2
1427	2	1-4a	2	2	1	1
1428	1	1-4a	2	3	2	3
1428	2	1-4a	2	3	2	3
1429	1	1-4a	2	2	2	2
1429	2	1-4a	2	2	2	2
1430	1	1-4a	2	2	1	1
1430	2	1-4a	2	2	2	1
1431	1	1-4a	3	3	2	3
1431	2	1-4a	2	2	2	3
1432	1	1-4a	3	3	3	2
1432	2	1-4a	3	3	2	3
1433	1	1-4a	2	2	3	2
1433	2	1-4a	3	3	3	3
1434	1	1-4a	0	2	2	2
1434	2	1-4a	0	2	2	3
1435	1	1-4a	2	2	2	2
1435	2	1-4a	2	2	2	2
1436	1	1-4a	2	2	2	2
1436	2	1-4a	2	3	2	2
1437	1	1-4a	3	3	2	2
1437	2	1-4a	2	2	2	3
1438	1	1-4a	2	2	2	2
1438	2	1-4a	2	2	2	2
1439	1	1-4a	3	3	3	3
1439	2	1-4a	3	3	2	3
1440	1	1-4a	3	3	3	3
1440	2	1-4a	2	2	2	2
1441	1	1-4a	2	3	3	3
1441	2	1-4a	3	3	2	3
1442	1	1-4a	0	1	1	1
1442	2	1-4a	0	1	1	1
1443	1	1-4a	2	2	2	1
1443	2	1-4a	1	2	2	1
1444	1	1-4a	3	2	2	3
1444	2	1-4a	3	3	3	3
1445	1	1-4a	1	2	1	1
1445	2	1-4a	1	1	1	2
1446	1	1-4a	2	2	3	3
1446	2	1-4a	2	2	3	3
1447	1	1-4a	2	1	1	2
1447	2	1-4a	2	2	2	2
1448	1	1-4a	2	3	2	3
1448	2	1-4a	2	3	3	2
1449	1	1-4a	2	3	2	3
1449	2	1-4a	2	2	2	2
1450	1	1-4a	2	2	2	2
1450	2	1-4a	3	3	2	3
1451	1	1-4a	1	1	1	1
1451	2	1-4a	1	1	1	1
1452	1	1-4a	2	2	2	3
1452	2	1-4a	2	2	2	2
1453	1	1-4a	0	1	1	1
1453	2	1-4a	0	1	1	1
1454	1	1-4a	2	3	1	2
1454	2	1-4a	2	2	2	2
1455	1	1-4a	2	2	1	1
1455	2	1-4a	1	2	2	2
1456	1	1-4a	0	1	2	2
1456	2	1-4a	1	1	2	3
1457	1	1-4a	1	1	1	2
1457	2	1-4a	1	2	2	2
1458	1	1-4a	3	3	3	3
1458	2	1-4a	2	3	2	3
1459	1	1-4a	2	2	2	2
1459	2	1-4a	2	2	2	2
1460	1	1-4a	2	3	2	3
1460	2	1-4a	2	2	2	3
1461	1	1-4a	1	1	1	2
1461	2	1-4a	2	2	2	2
1462	1	1-4a	2	2	2	2
1462	2	1-4a	2	3	3	3
1463	1	1-4a	3	3	3	3
1463	2	1-4a	3	3	3	3
1464	1	1-4a	2	2	2	3
1464	2	1-4a	2	2	2	3
1465	1	1-4a	2	2	2	2
1465	2	1-4a	2	2	2	1
1466	1	1-4a	0	1	2	3
1466	2	1-4a	0	1	2	3
1467	1	1-4a	1	1	1	1
1467	2	1-4a	0	0	0	0
1468	1	1-4a	3	3	3	3
1468	2	1-4a	3	3	2	2
1469	1	1-4a	0	2	2	2
1469	2	1-4a	0	1	1	2
1470	1	1-4a	1	1	2	2
1470	2	1-4a	2	2	1	2
1471	1	1-4a	1	1	1	1
1471	2	1-4a	1	2	1	1
1472	1	1-4a	2	2	2	2
1472	2	1-4a	2	2	2	2
1473	1	1-4a	1	2	2	2
1473	2	1-4a	1	1	1	2
1474	1	1-4a	2	2	2	3
1474	2	1-4a	3	3	3	3
1475	1	1-4a	2	2	2	2
1475	2	1-4a	2	2	2	2
1476	1	1-4a	2	2	2	2
1476	2	1-4a	2	2	2	2
1477	1	1-4a	3	3	2	2
1477	2	1-4a	3	3	3	2
1478	1	1-4a	2	2	2	3
1478	2	1-4a	2	2	1	2
1479	1	1-4a	1	1	1	1
1479	2	1-4a	1	1	1	0
1480	1	1-4a	2	1	2	2
1480	2	1-4a	2	2	2	2
1481	1	1-4a	0	2	2	1
1481	2	1-4a	1	1	2	2
1482	1	1-4a	2	2	2	3
1482	2	1-4a	3	3	3	3
1483	1	1-4a	1	2	2	2
1483	2	1-4a	2	2	1	1
1484	1	1-4a	2	2	2	3
1484	2	1-4a	1	1	2	2
1485	1	1-4a	3	3	3	3
1485	2	1-4a	3	3	3	2
1486	1	1-4a	2	2	2	3
1486	2	1-4a	2	2	3	3
1487	1	1-4a	2	2	2	2
1487	2	1-4a	3	3	3	3
1488	1	1-4a	3	3	3	3
1488	2	1-4a	2	2	2	2
1489	1	1-4a	2	2	3	2
1489	2	1-4a	2	3	2	2
1490	1	1-4a	2	2	2	2
1490	2	1-4a	2	2	3	2
1491	1	1-4a	2	2	2	2
1491	2	1-4a	2	2	2	2
1492	1	1-4a	3	3	3	3
1492	2	1-4a	3	3	3	3
1493	1	1-4a	2	2	1	1
1493	2	1-4a	2	2	2	2
1494	1	1-4a	2	3	2	1
1494	2	1-4a	1	1	1	1
1495	1	1-4a	3	3	3	3
1495	2	1-4a	3	3	3	3
1496	1	1-4a	2	2	2	3
1496	2	1-4a	3	2	2	3
1497	1	1-4a	2	2	2	1
1497	2	1-4a	2	3	3	2
1498	1	1-4a	2	2	2	3
1498	2	1-4a	2	2	2	3
1499	1	1-4a	2	2	2	2
1499	2	1-4a	3	3	2	3
1500	1	1-4a	2	2	2	2
1500	2	1-4a	1	1	1	1
1501	1	1-4a	1	1	1	2
1501	2	1-4a	2	2	2	2
1502	1	1-4a	1	1	1	2
1502	2	1-4a	0	1	1	1
1503	1	1-4a	0	1	1	1
1503	2	1-4a	0	1	1	2
1504	1	1-4a	1	1	1	2
1504	2	1-4a	0	0	0	1
1505	1	1-4a	2	2	1	2
1505	2	1-4a	2	1	2	2
1506	1	1-4a	2	2	2	3
1506	2	1-4a	1	1	1	1
1507	1	1-4a	2	2	2	2
1507	2	1-4a	2	2	2	2
1508	1	1-4a	1	2	1	1
1508	2	1-4a	1	1	1	1
1509	1	1-4a	2	2	2	2
1509	2	1-4a	2	2	2	2
1510	1	1-4a	2	2	2	3
1510	2	1-4a	3	3	3	3
1511	1	1-4a	1	1	1	2
1511	2	1-4a	1	1	1	1
1512	1	1-4a	3	3	3	3
1512	2	1-4a	3	3	3	3
1513	1	1-4a	3	3	3	3
1513	2	1-4a	3	3	3	3
1514	1	1-4a	2	2	2	2
1514	2	1-4a	2	2	2	2
1515	1	1-4a	2	2	2	2
1515	2	1-4a	1	2	2	3
1516	1	1-4a	2	2	2	2
1516	2	1-4a	2	2	2	3
1517	1	1-4a	3	3	3	3
1517	2	1-4a	2	2	2	2
1518	1	1-4a	2	2	2	3
1518	2	1-4a	2	2	2	2
1519	1	1-4a	2	2	2	2
1519	2	1-4a	1	1	1	1
1520	1	1-4a	1	1	2	2
1520	2	1-4a	1	1	1	2
1521	1	1-4a	1	2	2	1
1521	2	1-4a	2	2	2	2
1522	1	1-4a	1	1	2	2
1522	2	1-4a	1	1	1	2
1523	1	1-4a	3	3	3	2
1523	2	1-4a	3	3	2	3
1524	1	1-4a	2	3	2	2
1524	2	1-4a	2	3	2	2
1525	1	1-4a	2	2	2	2
1525	2	1-4a	2	3	2	3
1526	1	1-4a	2	2	2	2
1526	2	1-4a	3	3	2	3
1527	1	1-4a	3	3	3	3
1527	2	1-4a	3	3	3	3
1528	1	1-4a	1	1	2	2
1528	2	1-4a	2	2	2	2
1529	1	1-4a	2	3	3	3
1529	2	1-4a	3	3	3	3
1530	1	1-4a	2	2	2	2
1530	2	1-4a	3	3	2	3
1531	1	1-4a	2	2	2	3
1531	2	1-4a	2	2	2	3
1532	1	1-4a	1	2	2	2
1532	2	1-4a	1	1	2	2
1533	1	1-4a	3	3	3	3
1533	2	1-4a	2	3	2	3
1534	1	1-4a	2	3	2	3
1534	2	1-4a	2	2	3	2
1535	1	1-4a	3	3	3	3
1535	2	1-4a	0	2	2	3
1536	1	1-4a	2	2	2	3
1536	2	1-4a	2	2	2	2
1537	1	1-4a	1	2	1	2
1537	2	1-4a	1	1	2	2
1538	1	1-4a	2	2	2	2
1538	2	1-4a	1	1	1	2
1539	1	1-4a	2	2	2	1
1539	2	1-4a	2	1	2	1
1540	1	1-4a	3	3	3	3
1540	2	1-4a	3	3	3	3
1541	1	1-4a	3	3	3	3
1541	2	1-4a	3	3	3	3
1542	1	1-4a	1	1	2	2
1542	2	1-4a	2	2	2	2
1543	1	1-4a	2	3	2	2
1543	2	1-4a	2	3	2	2
1544	1	1-4a	2	2	2	2
1544	2	1-4a	2	2	2	2
1545	1	1-4a	2	2	2	2
1545	2	1-4a	2	2	2	2
1546	1	1-4a	2	2	2	2
1546	2	1-4a	1	1	1	2
1547	1	1-4a	1	1	2	2
1547	2	1-4a	2	2	2	2
1548	1	1-4a	2	2	2	2
1548	2	1-4a	2	2	1	1
1549	1	1-4a	2	1	2	2
1549	2	1-4a	2	2	2	3
1550	1	1-4a	2	2	2	1
1550	2	1-4a	2	2	1	1
1551	1	1-4a	2	1	2	2
1551	2	1-4a	2	2	2	2
1552	1	1-4a	2	2	2	2
1552	2	1-4a	2	2	2	2
1553	1	1-4a	1	1	1	2
1553	2	1-4a	1	1	1	1
1554	1	1-4a	2	2	2	2
1554	2	1-4a	1	2	2	2
1555	1	1-4a	2	2	2	2
1555	2	1-4a	2	2	2	2
1556	1	1-4a	2	2	2	2
1556	2	1-4a	3	3	2	2
1557	1	1-4a	2	2	2	3
1557	2	1-4a	2	2	2	3
1558	1	1-4a	1	1	1	1
1558	2	1-4a	1	1	1	1
1559	1	1-4a	1	1	1	1
1559	2	1-4a	1	1	1	1
1560	1	1-4a	3	3	2	2
1560	2	1-4a	2	2	2	3
1561	1	1-4a	2	2	2	2
1561	2	1-4a	0	2	2	2
1562	1	1-4a	2	3	2	3
1562	2	1-4a	2	2	2	2
1563	1	1-4a	3	3	3	2
1563	2	1-4a	2	2	2	2
1564	1	1-4a	3	3	3	3
1564	2	1-4a	3	3	3	3
1565	1	1-4a	2	2	1	1
1565	2	1-4a	1	2	2	1
1566	1	1-4a	2	2	2	3
1566	2	1-4a	0	2	2	3
1567	1	1-4a	3	3	2	3
1567	2	1-4a	2	2	2	2
1568	1	1-4a	3	3	3	3
1568	2	1-4a	2	3	2	3
1569	1	1-4a	2	1	2	2
1569	2	1-4a	2	2	2	2
